Date,Open,High,Low,Close,Adj Close,Volume
2024-02-27,181.10000000,183.92250000,179.56000000,182.63000000,182.63000000,54318851
2024-02-28,182.51000000,183.12000000,180.13000000,181.42000000,181.42000000,48953939
2024-02-29,181.27000000,182.57000000,179.53000000,180.75000000,180.75000000,136682597
2024-03-01,179.55000000,180.53000000,177.38000000,179.66000000,179.66000000,73563082
2024-03-04,176.15000000,176.90000000,173.79000000,175.10000000,175.10000000,81510101
2024-03-05,170.76000000,172.04000000,169.62000000,170.12000000,170.12000000,95132355
2024-03-06,171.06000000,171.24000000,168.68000000,169.12000000,169.12000000,68587707
2024-03-07,169.15000000,170.73000000,168.49000000,169.00000000,169.00000000,71765061
2024-03-08,169.00000000,173.70000000,168.94000000,170.73000000,170.73000000,76267041
2024-03-11,172.94000000,174.38000000,172.05000000,172.75000000,172.75000000,60139473
2024-03-12,173.15000000,174.03000000,171.01000000,173.23000000,173.23000000,59825372
2024-03-13,172.77000000,173.18500000,170.76000000,171.13000000,171.13000000,52488692
2024-03-14,172.91000000,174.30780000,172.05000000,173.00000000,173.00000000,72913507
2024-03-15,171.17000000,172.62000000,170.28500000,172.62000000,172.62000000,121752699
2024-03-18,175.57000000,177.71000000,173.52000000,173.72000000,173.72000000,75604184
2024-03-19,174.34000000,176.60500000,173.03000000,176.08000000,176.08000000,55215244
2024-03-20,175.72000000,178.67000000,175.09000000,178.67000000,178.67000000,53423102
2024-03-21,177.05000000,177.49000000,170.84000000,171.37000000,171.37000000,106181270
2024-03-22,171.76000000,173.05000000,170.06000000,172.28000000,172.28000000,71160138
2024-03-25,170.56500000,171.94000000,169.45000000,170.85000000,170.85000000,54288328
2024-03-26,170.00000000,171.42000000,169.58000000,169.71000000,169.71000000,57388449
2024-03-27,170.41000000,173.60000000,170.11000000,173.31000000,173.31000000,60273265
2024-03-28,171.75000000,172.23000000,170.51000000,171.48000000,171.48000000,65672690
2024-04-01,171.19000000,171.25000000,169.47500000,170.03000000,170.03000000,46240500
2024-04-02,169.08000000,169.34000000,168.23020000,168.84000000,168.84000000,49329481
2024-04-03,168.79000000,170.68000000,168.58000000,169.65000000,169.65000000,47691715
2024-04-04,170.29000000,171.92000000,168.82000000,168.82000000,168.82000000,53704386
2024-04-05,169.59000000,170.39000000,168.95000000,169.58000000,169.58000000,42104826
2024-04-08,169.03000000,169.20000000,168.24000000,168.45000000,168.45000000,37425513
2024-04-09,168.70000000,170.08000000,168.35000000,169.67000000,169.67000000,42451209
2024-04-10,168.80000000,169.09000000,167.11000000,167.78000000,167.78000000,49709336
2024-04-11,168.34000000,175.46000000,168.16000000,175.04000000,175.04000000,91070275
2024-04-12,174.26000000,178.36000000,174.21000000,176.55000000,176.55000000,101670886
2024-04-15,175.36000000,176.63000000,172.50000000,172.69000000,172.69000000,73531773
2024-04-16,171.75000000,173.76000000,168.27000000,169.38000000,169.38000000,73711235
2024-04-17,169.61000000,170.65000000,168.00000000,168.00000000,168.00000000,50901210
2024-04-18,168.03000000,168.64000000,166.55000000,167.04000000,167.04000000,43122903
2024-04-19,166.21000000,166.40000000,164.07500000,165.00000000,165.00000000,68149377
2024-04-22,165.51500000,167.26000000,164.77000000,165.84000000,165.84000000,48116443
2024-04-23,165.35000000,167.05000000,164.92000000,166.90000000,166.90000000,49537761
2024-04-24,166.54000000,169.30000000,166.21000000,169.02000000,169.02000000,48251835
2024-04-25,169.52500000,170.61000000,168.15110000,169.89000000,169.89000000,50558329
2024-04-26,169.88000000,171.34000000,169.18000000,169.30000000,169.30000000,44838354
2024-04-29,173.37000000,176.03000000,173.10000000,173.50000000,173.50000000,68169419
2024-04-30,173.33000000,174.99000000,170.00000000,170.33000000,170.33000000,65934776
2024-05-01,169.58000000,172.70500000,169.11000000,169.30000000,169.30000000,50383147
2024-05-02,172.51000000,173.41500000,170.89000000,173.03000000,173.03000000,94214915
2024-05-03,186.64500000,187.00000000,182.66000000,183.38000000,183.38000000,163224109
2024-05-06,182.35400000,184.20000000,180.42000000,181.71000000,181.71000000,78569667
2024-05-07,183.45000000,184.90000000,181.32000000,182.40000000,182.40000000,77305771
2024-05-08,182.85000000,183.07000000,181.45000000,182.74000000,182.74000000,45057087
2024-05-09,182.56000000,184.66000000,182.11000000,184.57000000,184.57000000,48982972
2024-05-10,184.90000000,185.09000000,182.13000000,183.05000000,183.05000000,50759496
2024-05-13,185.43500000,187.10000000,184.62000000,186.28000000,186.28000000,72044809
2024-05-14,187.51000000,188.30000000,186.29000000,187.43000000,187.43000000,52393619
2024-05-15,187.91000000,190.65000000,187.37000000,189.72000000,189.72000000,70399988
2024-05-16,190.47000000,191.09500000,189.66010000,189.84000000,189.84000000,52845230
2024-05-17,189.51000000,190.81000000,189.18000000,189.87000000,189.87000000,41282925
2024-05-20,189.32500000,191.91990000,189.01000000,191.04000000,191.04000000,44361275
2024-05-21,191.09000000,192.73000000,190.92010000,192.35000000,192.35000000,42309401
2024-05-22,192.26500000,192.82310000,190.27000000,190.90000000,190.90000000,34648547
2024-05-23,190.98000000,191.00000000,186.62500000,186.88000000,186.88000000,51005924
2024-05-24,188.82000000,190.58000000,188.04040000,189.98000000,189.98000000,36326975
2024-05-28,191.51000000,193.00000000,189.10000000,189.99000000,189.99000000,52280051
2024-05-29,189.61000000,192.24700000,189.51000000,190.29000000,190.29000000,53068016
2024-05-30,190.76000000,192.18000000,190.63000000,191.29000000,191.29000000,49947941
2024-05-31,191.44000000,192.57000000,189.91000000,192.25000000,192.25000000,75158277
2024-06-03,192.90000000,194.99000000,192.52000000,194.03000000,194.03000000,50080539
2024-06-04,194.63500000,195.32000000,193.03420000,194.35000000,194.35000000,47471445
2024-06-05,195.40000000,196.90000000,194.87000000,195.87000000,195.87000000,54156785
2024-06-06,195.68500000,196.50000000,194.17000000,194.48000000,194.48000000,41181753
2024-06-07,194.65000000,196.94000000,194.14000000,196.89000000,196.89000000,53103912
2024-06-10,196.90000000,197.30000000,192.15000000,193.12000000,193.12000000,97262077
2024-06-11,193.65000000,207.16000000,193.63000000,207.15000000,207.15000000,172373296
2024-06-12,207.37000000,220.20000000,206.90000000,213.07000000,213.07000000,198134293
2024-06-13,214.74000000,216.75000000,211.60000000,214.24000000,214.24000000,97862729
2024-06-14,213.85000000,215.17000000,211.30000000,212.49000000,212.49000000,70122748
2024-06-17,213.37000000,218.95000000,212.72000000,216.67000000,216.67000000,93728300
2024-06-18,217.59000000,218.63000000,213.00000000,214.29000000,214.29000000,79943254
2024-06-20,213.93000000,214.24000000,208.85000000,209.68000000,209.68000000,86172451
2024-06-21,210.39000000,211.89000000,207.11000000,207.49000000,207.49000000,246421353
2024-06-24,207.72000000,212.70000000,206.59000000,208.14000000,208.14000000,80727006
2024-06-25,209.15000000,211.38000000,208.61000000,209.07000000,209.07000000,56713868
2024-06-26,211.50000000,214.86000000,210.64000000,213.25000000,213.25000000,66213186
2024-06-27,214.69000000,215.73950000,212.35000000,214.10000000,214.10000000,49772707
2024-06-28,215.77000000,216.07000000,210.30000000,210.62000000,210.62000000,82542718
2024-07-01,212.09000000,217.51000000,211.92000000,216.75000000,216.75000000,60402929
2024-07-02,216.15000000,220.38000000,215.10000000,220.27000000,220.27000000,58046178
2024-07-03,220.00000000,221.55000000,219.03000000,221.55000000,221.55000000,37369801
2024-07-05,221.65000000,226.45000000,221.65000000,226.34000000,226.34000000,60412408
2024-07-08,227.09000000,227.85000000,223.25000000,227.82000000,227.82000000,59085861
2024-07-09,227.93000000,229.40000000,226.37210000,228.68000000,228.68000000,48169822
2024-07-10,229.30000000,233.08000000,229.25000000,232.98000000,232.98000000,62627687
2024-07-11,231.39000000,232.39000000,225.77000000,227.57000000,227.57000000,64710617
2024-07-12,228.92000000,232.64000000,228.68000000,230.54000000,230.54000000,53046527
2024-07-15,236.48000000,237.23000000,233.09000000,234.40000000,234.40000000,62631252
2024-07-16,235.00000000,236.27000000,232.33000000,234.82000000,234.82000000,43234278
2024-07-17,229.45000000,231.45990000,226.64000000,228.88000000,228.88000000,57345884
2024-07-18,230.28000000,230.44000000,222.27000000,224.18000000,224.18000000,66034585
2024-07-19,224.82000000,226.80000000,223.27500000,224.31000000,224.31000000,49151453
2024-07-22,227.01000000,227.78000000,223.09000000,223.96000000,223.96000000,48201835
2024-07-23,224.36500000,226.94000000,222.68000000,225.01000000,225.01000000,39960260
2024-07-24,224.00000000,224.80000000,217.13000000,218.54000000,218.54000000,61777576
2024-07-25,218.93000000,220.85000000,214.62000000,217.49000000,217.49000000,51391199
2024-07-26,218.70000000,219.49000000,216.01000000,217.96000000,217.96000000,41601345
2024-07-29,216.96000000,219.30000000,215.75000000,218.24000000,218.24000000,36311778
2024-07-30,219.19000000,220.32500000,216.12000000,218.80000000,218.80000000,41643840
2024-07-31,221.44000000,223.82000000,220.63000000,222.08000000,222.08000000,50036262
2024-08-01,224.37000000,224.48000000,217.02000000,218.36000000,218.36000000,62500996
2024-08-02,219.15000000,225.60000000,217.71000000,219.86000000,219.86000000,105568560
2024-08-05,199.09000000,213.50000000,196.00000000,209.27000000,209.27000000,119548589
2024-08-06,205.30000000,209.99000000,201.07000000,207.23000000,207.23000000,69660488
2024-08-07,206.90000000,213.64000000,206.39000000,209.82000000,209.82000000,63516417
2024-08-08,213.11000000,214.20000000,208.83000000,213.31000000,213.31000000,47161149
2024-08-09,212.10000000,216.78000000,211.97000000,216.24000000,216.24000000,42201646
2024-08-12,216.07000000,219.50990000,215.60000000,217.53000000,217.53000000,38028092
2024-08-13,219.01000000,221.89000000,219.01000000,221.27000000,221.27000000,44155331
2024-08-14,220.57000000,223.03000000,219.70000000,221.72000000,221.72000000,41960574
2024-08-15,224.60000000,225.35000000,222.76000000,224.72000000,224.72000000,46414013
2024-08-16,223.92000000,226.82710000,223.65010000,226.05000000,226.05000000,44340240
2024-08-19,225.72000000,225.99000000,223.04000000,225.89000000,225.89000000,40687813
2024-08-20,225.77000000,227.17000000,225.45000000,226.51000000,226.51000000,30299033
2024-08-21,226.52000000,227.98000000,225.05000000,226.40000000,226.40000000,34765480
2024-08-22,227.79000000,228.34000000,223.90000000,224.53000000,224.53000000,43695321
2024-08-23,225.65890000,228.22000000,224.33000000,226.84000000,226.84000000,38677250
2024-08-26,226.76000000,227.28000000,223.89050000,227.18000000,227.18000000,30602208
2024-08-27,225.99500000,228.85000000,224.89000000,228.03000000,228.03000000,35934559
2024-08-28,227.92000000,229.86000000,225.68000000,226.49000000,226.49000000,38052167
2024-08-29,230.10000000,232.92000000,228.88000000,229.79000000,229.79000000,51906297
2024-08-30,230.19000000,230.40000000,227.48000000,229.00000000,229.00000000,52990770
2024-09-03,228.55000000,229.00000000,221.17000000,222.77000000,222.77000000,50190574
2024-09-04,221.66000000,221.78000000,217.48000000,220.85000000,220.85000000,43840196
2024-09-05,221.62500000,225.48000000,221.52000000,222.38000000,222.38000000,36615398
2024-09-06,223.95000000,225.24000000,219.77000000,220.82000000,220.82000000,48423011
2024-09-09,220.82000000,221.27000000,216.71000000,220.91000000,220.91000000,67179965
2024-09-10,218.92000000,221.48000000,216.73000000,220.11000000,220.11000000,51591033
2024-09-11,221.45500000,223.09000000,217.89000000,222.66000000,222.66000000,44587072
2024-09-12,222.50000000,223.55000000,219.82000000,222.77000000,222.77000000,37498225
2024-09-13,223.58000000,224.04000000,221.91000000,222.50000000,222.50000000,36766619
2024-09-16,216.54000000,217.22000000,213.92000000,216.32000000,216.32000000,59357427
2024-09-17,215.75000000,216.90000000,214.50000000,216.79000000,216.79000000,45519339
2024-09-18,217.55000000,222.71000000,217.54000000,220.69000000,220.69000000,59894928
2024-09-19,224.99000000,229.82000000,224.63000000,228.87000000,228.87000000,66781315
2024-09-20,229.97000000,233.09000000,227.62000000,228.20000000,228.20000000,318679888
2024-09-23,227.34000000,229.45000000,225.81000000,226.47000000,226.47000000,54146023
2024-09-24,228.64500000,229.35000000,225.73000000,227.37000000,227.37000000,43556068
2024-09-25,224.93000000,227.29000000,224.02000000,226.37000000,226.37000000,42308715
2024-09-26,227.30000000,228.50000000,225.41000000,227.52000000,227.52000000,36636707
2024-09-27,228.46000000,229.52000000,227.30000000,227.79000000,227.79000000,34025967
2024-09-30,230.04000000,233.00000000,229.65000000,233.00000000,233.00000000,54793391
2024-10-01,229.52000000,229.65000000,223.74000000,226.21000000,226.21000000,63285048
2024-10-02,225.89000000,227.37000000,223.02000000,226.78000000,226.78000000,32880605
2024-10-03,225.14000000,226.80500000,223.32000000,225.67000000,225.67000000,34044158
2024-10-04,227.90000000,228.00000000,224.13000000,226.80000000,226.80000000,37345098
2024-10-07,224.50000000,225.69000000,221.33000000,221.69000000,221.69000000,39505354
2024-10-08,224.30000000,225.98000000,223.25000000,225.77000000,225.77000000,31855693
2024-10-09,225.23000000,229.75000000,224.83000000,229.54000000,229.54000000,33591091
2024-10-10,227.78000000,229.50000000,227.17000000,229.04000000,229.04000000,28183544
2024-10-11,229.30000000,229.41000000,227.34000000,227.55000000,227.55000000,31759188
2024-10-14,228.70000000,231.73000000,228.60000000,231.30000000,231.30000000,39882085
2024-10-15,233.61000000,237.49000000,232.37000000,233.85000000,233.85000000,64751367
2024-10-16,231.60000000,232.12000000,229.84000000,231.78000000,231.78000000,34082240
2024-10-17,233.43000000,233.85000000,230.52000000,232.15000000,232.15000000,32993810
2024-10-18,236.18000000,236.18000000,234.01000000,235.00000000,235.00000000,46431472
2024-10-21,234.45000000,236.85000000,234.45000000,236.48000000,236.48000000,36254470
2024-10-22,233.88500000,236.22000000,232.60000000,235.86000000,235.86000000,38846578
2024-10-23,234.08000000,235.14400000,227.76000000,230.76000000,230.76000000,52286979
2024-10-24,229.98000000,230.82000000,228.41000000,230.57000000,230.57000000,31109503
2024-10-25,229.74000000,233.22000000,229.57000000,231.41000000,231.41000000,38802304
2024-10-28,233.32000000,234.73000000,232.55000000,233.40000000,233.40000000,36087134
2024-10-29,233.10000000,234.32500000,232.32000000,233.67000000,233.67000000,35417247
2024-10-30,232.61000000,233.47000000,229.55000000,230.10000000,230.10000000,47070907
2024-10-31,229.34000000,229.83000000,225.37000000,225.91000000,225.91000000,64370086
2024-11-01,220.96500000,225.35000000,220.27000000,222.91000000,222.91000000,65276741
2024-11-04,220.99000000,222.79000000,219.71000000,222.01000000,222.01000000,44944468
2024-11-05,221.79500000,223.95000000,221.14000000,223.45000000,223.45000000,28111338
2024-11-06,222.61000000,226.06500000,221.19000000,222.72000000,222.72000000,54561121
2024-11-07,224.62500000,227.87500000,224.57000000,227.48000000,227.48000000,42137691
2024-11-08,227.17000000,228.66000000,226.40500000,226.96000000,226.96000000,38328824
2024-11-11,225.00000000,225.70000000,221.50000000,224.23000000,224.23000000,42005602
2024-11-12,224.55000000,225.59000000,223.35500000,224.23000000,224.23000000,40398299
2024-11-13,224.01000000,226.65000000,222.76000000,225.12000000,225.12000000,48566217
2024-11-14,225.02000000,228.87000000,225.00000000,228.22000000,228.22000000,44923941
2024-11-15,226.40000000,226.92000000,224.27000000,225.00000000,225.00000000,47923696
2024-11-18,225.25000000,229.74000000,225.17000000,228.02000000,228.02000000,44686020
2024-11-19,226.98000000,230.16000000,226.66000000,228.28000000,228.28000000,36211774
2024-11-20,228.06000000,229.93000000,225.89000000,229.00000000,229.00000000,35169566
2024-11-21,228.88000000,230.15500000,225.71030000,228.52000000,228.52000000,42108327
2024-11-22,228.06000000,230.71990000,228.06000000,229.87000000,229.87000000,38168252
2024-11-25,231.46000000,233.24500000,229.74000000,232.87000000,232.87000000,90152832
2024-11-26,233.33000000,235.57000000,233.33000000,235.06000000,235.06000000,45986189
2024-11-27,234.46500000,235.69000000,233.81010000,234.93000000,234.93000000,33498439
2024-11-29,234.80500000,237.81000000,233.97000000,237.33000000,237.33000000,28481377
2024-12-02,237.27000000,240.79000000,237.16000000,239.59000000,239.59000000,48137103
2024-12-03,239.81000000,242.76000000,238.90000000,242.65000000,242.65000000,38861017
2024-12-04,242.87000000,244.11000000,241.25000000,243.01000000,243.01000000,44383935
2024-12-05,243.99000000,244.54000000,242.13000000,243.04000000,243.04000000,40033878
2024-12-06,242.90500000,244.63000000,242.08000000,242.84000000,242.84000000,36870619
2024-12-09,241.83000000,247.24000000,241.75000000,246.75000000,246.75000000,44649232
2024-12-10,246.89000000,248.21000000,245.34000000,247.77000000,247.77000000,36914806
2024-12-11,247.96000000,250.80000000,246.26010000,246.49000000,246.49000000,45205814
2024-12-12,246.89000000,248.74000000,245.68000000,247.96000000,247.96000000,32777532
2024-12-13,247.81500000,249.29020000,246.24000000,248.13000000,248.13000000,33155290
2024-12-16,247.99000000,251.38000000,247.65000000,251.04000000,251.04000000,51694753
2024-12-17,250.08000000,253.83000000,249.78000000,253.48000000,253.48000000,51356360
2024-12-18,252.16000000,254.28000000,247.74000000,248.05000000,248.05000000,56774101
2024-12-19,247.50000000,252.00000000,247.09490000,249.79000000,249.79000000,60882264
2024-12-20,248.04000000,255.00000000,245.69000000,254.49000000,254.49000000,147495267
2024-12-23,254.77000000,255.65000000,253.45000000,255.27000000,255.27000000,40858774
2024-12-24,255.49000000,258.21000000,255.29000000,258.20000000,258.20000000,23234705
2024-12-26,258.19000000,260.10000000,257.63000000,259.02000000,259.02000000,27262983
2024-12-27,257.83000000,258.70000000,253.06000000,255.59000000,255.59000000,42355321
2024-12-30,252.23000000,253.50000000,250.75000000,252.20000000,252.20000000,35557542
2024-12-31,252.44000000,253.28000000,249.43000000,250.42000000,250.42000000,39480718
2025-01-02,248.93000000,249.10000000,241.82010000,243.85000000,243.85000000,55740731
2025-01-03,243.36000000,244.18000000,241.89000000,243.36000000,243.36000000,40244114
2025-01-06,244.31000000,247.33000000,243.20000000,245.00000000,245.00000000,45045571
2025-01-07,242.98000000,245.55000000,241.35000000,242.21000000,242.21000000,40855960
2025-01-08,241.92000000,243.71230000,240.05000000,242.70000000,242.70000000,37628940
2025-01-10,240.01000000,240.16000000,233.00000000,236.85000000,236.85000000,61710856
2025-01-13,233.53000000,234.67000000,229.72000000,234.40000000,234.40000000,49630725
2025-01-14,234.75000000,236.12000000,232.47200000,233.28000000,233.28000000,39435294
2025-01-15,234.63500000,238.96000000,234.43000000,237.87000000,237.87000000,39831969
2025-01-16,237.35000000,238.01000000,228.03000000,228.26000000,228.26000000,71759052
2025-01-17,232.11500000,232.29000000,228.48000000,229.98000000,229.98000000,68488301
2025-01-21,224.00000000,224.42000000,219.38000000,222.64000000,222.64000000,98070429
2025-01-22,219.79000000,224.12000000,219.79000000,223.83000000,223.83000000,64126500
2025-01-23,224.74000000,227.03000000,222.30000000,223.66000000,223.66000000,60234760
2025-01-24,224.78000000,225.63000000,221.41000000,222.78000000,222.78000000,54697907
2025-01-27,224.02000000,232.15000000,223.98000000,229.86000000,229.86000000,94863418
2025-01-28,230.85000000,240.19000000,230.81000000,238.26000000,238.26000000,75707569
2025-01-29,234.12000000,239.85500000,234.01000000,239.36000000,239.36000000,45486100
2025-01-30,238.66500000,240.79000000,237.21000000,237.59000000,237.59000000,55658279
2025-01-31,247.19000000,247.19000000,233.44000000,236.00000000,236.00000000,101075128
2025-02-03,229.99000000,231.83000000,225.70000000,228.01000000,228.01000000,73063301
2025-02-04,227.25000000,233.13000000,226.65000000,232.80000000,232.80000000,45067301
2025-02-05,228.53000000,232.67000000,228.27000000,232.47000000,232.47000000,39664989
2025-02-06,231.28500000,233.80000000,230.42500000,233.22000000,233.22000000,29925349
2025-02-07,232.60000000,234.00000000,227.26000000,227.63000000,227.63000000,39707224
2025-02-10,229.57000000,230.58500000,227.20000000,227.65000000,227.65000000,33115645
2025-02-11,228.20000000,235.23000000,228.13000000,232.62000000,232.62000000,53718362
2025-02-12,231.20000000,236.96000000,230.68000000,236.87000000,236.87000000,45243292
2025-02-13,236.91000000,242.33990000,235.57000000,241.53000000,241.53000000,53614054
2025-02-14,241.25000000,245.55000000,240.99000000,244.60000000,244.60000000,40896227
2025-02-18,244.15000000,245.18000000,241.84000000,244.47000000,244.47000000,48822491
2025-02-19,244.66000000,246.01000000,243.16040000,244.87000000,244.87000000,32204215
2025-02-20,244.94000000,246.78000000,244.29000000,245.83000000,245.83000000,32316907
2025-02-21,245.95000000,248.69000000,245.22000000,245.55000000,245.55000000,53197431
2025-02-24,244.92500000,248.86000000,244.42000000,247.10000000,247.10000000,51326396
2025-02-25,248.00000000,250.00000000,244.91000000,247.04000000,247.04000000,48013272
2025-02-26,244.33000000,244.98000000,239.13000000,240.36000000,240.36000000,44433564
2025-02-27,239.41000000,242.46000000,237.06000000,237.30000000,237.30000000,41153639
2025-02-28,236.95000000,242.09000000,230.20000000,241.84000000,241.84000000,56833360
2025-03-03,241.79000000,244.02720000,236.11200000,238.03000000,238.03000000,47183985
2025-03-04,237.70500000,240.07000000,234.68000000,235.93000000,235.93000000,53798062
2025-03-05,235.42000000,236.55000000,229.23000000,235.74000000,235.74000000,47227643
2025-03-06,234.43500000,237.86000000,233.15810000,235.33000000,235.33000000,45170419
2025-03-07,235.10500000,241.37000000,234.76000000,239.07000000,239.07000000,46273565
2025-03-10,235.54000000,236.16000000,224.22000000,227.48000000,227.48000000,72071197
2025-03-11,223.80500000,225.83990000,217.45000000,220.84000000,220.84000000,76137410
2025-03-12,220.14000000,221.75000000,214.91000000,216.98000000,216.98000000,62547467
2025-03-13,215.95000000,216.83940000,208.42000000,209.68000000,209.68000000,61368330
2025-03-14,211.25000000,213.95000000,209.58000000,213.49000000,213.49000000,60107582
2025-03-17,213.31000000,215.22000000,209.97000000,214.00000000,214.00000000,48073426
2025-03-18,214.16000000,215.15000000,211.49000000,212.69000000,212.69000000,42432426
2025-03-19,214.22000000,218.76000000,213.75000000,215.24000000,215.24000000,54385391
2025-03-20,213.99000000,217.48990000,212.22000000,214.10000000,214.10000000,48862947
2025-03-21,211.56000000,218.84000000,211.28000000,218.27000000,218.27000000,94127768
2025-03-24,221.00000000,221.48000000,218.58000000,220.73000000,220.73000000,44299483
2025-03-25,220.77000000,224.10000000,220.08000000,223.75000000,223.75000000,34493583
2025-03-26,223.51000000,225.02000000,220.47000000,221.53000000,221.53000000,34532656
2025-03-27,221.39000000,224.99000000,220.56010000,223.85000000,223.85000000,37094774
2025-03-28,221.67000000,223.81000000,217.68000000,217.90000000,217.90000000,39818617
2025-03-31,217.00500000,225.62000000,216.23000000,222.13000000,222.13000000,65299321
2025-04-01,219.80500000,223.68000000,218.90000000,223.19000000,223.19000000,36412740
2025-04-02,221.31500000,225.19000000,221.02000000,223.89000000,223.89000000,35905904
2025-04-03,205.54000000,207.49000000,201.25000000,203.19000000,203.19000000,103419006
2025-04-04,193.89000000,199.88000000,187.34000000,188.38000000,188.38000000,125910913
2025-04-07,177.20000000,194.15000000,174.62000000,181.46000000,181.46000000,160466286
2025-04-08,186.70000000,190.33500000,169.21010000,172.42000000,172.42000000,120859491
2025-04-09,171.95000000,200.61000000,171.89000000,198.85000000,198.85000000,184395885
2025-04-10,189.06500000,194.77990000,183.00000000,190.42000000,190.42000000,121879981
2025-04-11,186.10000000,199.54000000,186.06000000,198.15000000,198.15000000,87435915
2025-04-14,211.44000000,212.94000000,201.16210000,202.52000000,202.52000000,101352911
2025-04-15,201.85500000,203.51000000,199.80000000,202.14000000,202.14000000,51343872
2025-04-16,198.36000000,200.70000000,192.37000000,194.27000000,194.27000000,59732423
2025-04-17,197.20000000,198.83350000,194.42000000,196.98000000,196.98000000,52164675
2025-04-21,193.26500000,193.80000000,189.81120000,193.16000000,193.16000000,46742537
2025-04-22,196.12000000,201.59000000,195.97000000,199.74000000,199.74000000,52976371
2025-04-23,206.00000000,208.00000000,202.79900000,204.60000000,204.60000000,52929165
2025-04-24,204.89000000,208.82990000,202.94000000,208.37000000,208.37000000,47310989
2025-04-25,206.36500000,209.75000000,206.20000000,209.28000000,209.28000000,38222258
2025-04-28,210.00000000,211.50000000,207.46000000,210.14000000,210.14000000,38743074
2025-04-29,208.69300000,212.24000000,208.37000000,211.21000000,211.21000000,36827633
2025-04-30,209.30000000,213.58000000,206.67050000,212.50000000,212.50000000,52286454
2025-05-01,209.08000000,214.56000000,208.90000000,213.32000000,213.32000000,57365675
2025-05-02,206.09000000,206.99000000,202.16000000,205.35000000,205.35000000,101010621
2025-05-05,203.10000000,204.10000000,198.21000000,198.89000000,198.89000000,69018452
2025-05-06,198.21000000,200.65000000,197.02000000,198.51000000,198.51000000,51216482
2025-05-07,199.17000000,199.44000000,193.25000000,196.25000000,196.25000000,68616943
2025-05-08,197.72000000,200.05000000,194.67960000,197.49000000,197.49000000,50478872
2025-05-09,199.00000000,200.53990000,197.53500000,198.53000000,198.53000000,36453923
2025-05-12,210.97000000,211.26790000,206.75000000,210.79000000,210.79000000,63775814
2025-05-13,210.43000000,213.40000000,209.00000000,212.93000000,212.93000000,51909332
2025-05-14,212.43000000,213.94000000,210.58010000,212.33000000,212.33000000,49325825
2025-05-15,210.95000000,212.96000000,209.54000000,211.45000000,211.45000000,45029473
2025-05-16,212.36000000,212.57000000,209.77000000,211.26000000,211.26000000,54737850
2025-05-19,207.91000000,209.48000000,204.26000000,208.78000000,208.78000000,46140527
2025-05-20,207.67000000,208.47000000,205.03000000,206.86000000,206.86000000,42496635
2025-05-21,205.17000000,207.04000000,200.71000000,202.09000000,202.09000000,59211774
2025-05-22,200.71000000,202.75000000,199.70000000,201.36000000,201.36000000,46742407
2025-05-23,193.66500000,197.70000000,193.46000000,195.27000000,195.27000000,78432918
2025-05-27,198.30000000,200.74000000,197.43000000,200.21000000,200.21000000,56288475
2025-05-28,200.59000000,202.73000000,199.90000000,200.42000000,200.42000000,45339678
2025-05-29,203.57500000,203.81000000,198.51000000,199.95000000,199.95000000,51477938
2025-05-30,199.37000000,201.96000000,196.78000000,200.85000000,200.85000000,70819942
2025-06-02,200.28000000,202.13000000,200.12000000,201.70000000,201.70000000,35423294
2025-06-03,201.35000000,203.77000000,200.95500000,203.27000000,203.27000000,46381567
2025-06-04,202.91000000,206.24000000,202.10000000,202.82000000,202.82000000,43603985
2025-06-05,203.50000000,204.75000000,200.15000000,200.63000000,200.63000000,55221235
2025-06-06,203.00000000,205.70000000,202.05000000,203.92000000,203.92000000,46607693
2025-06-09,204.39000000,206.00000000,200.02000000,201.45000000,201.45000000,72862557
2025-06-10,200.60000000,204.35000000,200.57000000,202.67000000,202.67000000,54672608
2025-06-11,203.50000000,204.50000000,198.41000000,198.78000000,198.78000000,60989857
2025-06-12,199.08000000,199.68000000,197.36010000,199.20000000,199.20000000,43904635
2025-06-13,199.73000000,200.37000000,195.70000000,196.45000000,196.45000000,51447349
2025-06-16,197.30000000,198.68500000,196.56360000,198.42000000,198.42000000,43020691
2025-06-17,197.20000000,198.39000000,195.21000000,195.64000000,195.64000000,38856152
2025-06-18,195.94000000,197.57000000,195.07000000,196.58000000,196.58000000,45394689
2025-06-20,198.23500000,201.70000000,196.85500000,201.00000000,201.00000000,96813542
2025-06-23,201.62500000,202.30000000,198.96000000,201.50000000,201.50000000,55814272
2025-06-24,202.59000000,203.44000000,200.20000000,200.30000000,200.30000000,54064033
2025-06-25,201.45000000,203.67000000,200.62010000,201.56000000,201.56000000,39525730
2025-06-26,201.43000000,202.64000000,199.46000000,201.00000000,201.00000000,50799121
2025-06-27,201.89000000,203.22000000,200.00000000,201.08000000,201.08000000,73188571
2025-06-30,202.01000000,207.39000000,199.26070000,205.17000000,205.17000000,91912816
2025-07-01,206.66500000,210.18650000,206.14010000,207.82000000,207.82000000,78788867
2025-07-02,208.91000000,213.34000000,208.14000000,212.44000000,212.44000000,67941811
2025-07-03,212.14500000,214.65000000,211.81010000,213.55000000,213.55000000,34955836
2025-07-07,212.68000000,216.23000000,208.80000000,209.95000000,209.95000000,50228984
2025-07-08,210.10000000,211.43000000,208.45000000,210.01000000,210.01000000,42848928
2025-07-09,209.53000000,211.33000000,207.22000000,211.14000000,211.14000000,48749367
2025-07-10,210.50500000,213.48000000,210.03000000,212.41000000,212.41000000,44443635
2025-07-11,210.56500000,212.13000000,209.86000000,211.16000000,211.16000000,39765812
2025-07-14,209.92500000,210.91000000,207.54000000,208.62000000,208.62000000,38840111
2025-07-15,209.22000000,211.89000000,208.92000000,209.11000000,209.11000000,42296339
2025-07-16,210.29500000,212.40000000,208.64000000,210.16000000,210.16000000,47490532
2025-07-17,210.57000000,211.80000000,209.59000000,210.02000000,210.02000000,48068141
2025-07-18,210.87000000,211.79000000,209.70450000,211.18000000,211.18000000,48974591
2025-07-21,212.10000000,215.78000000,211.63000000,212.48000000,212.48000000,51377434
2025-07-22,213.14000000,214.95000000,212.23010000,214.40000000,214.40000000,46404072
2025-07-23,215.00000000,215.15000000,212.41000000,214.15000000,214.15000000,46989301
2025-07-24,213.90000000,215.69000000,213.53000000,213.76000000,213.76000000,46022620
2025-07-25,214.70000000,215.24000000,213.40000000,213.88000000,213.88000000,40268781
2025-07-28,214.03000000,214.84500000,213.06000000,214.05000000,214.05000000,37858017
2025-07-29,214.17500000,214.81000000,210.82000000,211.27000000,211.27000000,51411723
2025-07-30,211.89500000,212.39000000,207.72000000,209.05000000,209.05000000,45512514
2025-07-31,208.49000000,209.84000000,207.16000000,207.57000000,207.57000000,80698431
2025-08-01,210.86500000,213.58000000,201.50000000,202.38000000,202.38000000,104434473
2025-08-04,204.50500000,207.88000000,201.67500000,203.35000000,203.35000000,75109298
2025-08-05,203.40000000,205.34000000,202.16000000,202.92000000,202.92000000,44155079
2025-08-06,205.63000000,215.38000000,205.59000000,213.25000000,213.25000000,108483103
2025-08-07,218.87500000,220.85000000,216.58000000,220.03000000,220.03000000,90224834
2025-08-08,220.83000000,231.00000000,219.25000000,229.35000000,229.35000000,113853967
2025-08-11,227.92000000,229.56000000,224.76000000,227.18000000,227.18000000,61806132
2025-08-12,228.00500000,230.80000000,227.07000000,229.65000000,229.65000000,55672301
2025-08-13,231.07000000,235.00000000,230.43000000,233.33000000,233.33000000,69878546
2025-08-14,234.05500000,235.12000000,230.85000000,232.78000000,232.78000000,51916275
2025-08-15,234.00000000,234.28000000,229.33500000,231.59000000,231.59000000,56038657
2025-08-18,231.70000000,233.12000000,230.11000000,230.89000000,230.89000000,37476188
2025-08-19,231.27500000,232.87000000,229.35000000,230.56000000,230.56000000,39402564
2025-08-20,229.98000000,230.47000000,225.77000000,226.01000000,226.01000000,42263865
2025-08-21,226.27000000,226.52000000,223.78040000,224.90000000,224.90000000,30621249
2025-08-22,226.17000000,229.09000000,225.41000000,227.76000000,227.76000000,42477811
2025-08-25,226.48000000,229.30000000,226.23000000,227.16000000,227.16000000,30983133
2025-08-26,226.87000000,229.49000000,224.69000000,229.31000000,229.31000000,54575107
2025-08-27,228.61000000,230.90000000,228.26000000,230.49000000,230.49000000,31259513
2025-08-28,230.82000000,233.41000000,229.33500000,232.56000000,232.56000000,38074700
2025-08-29,232.51000000,233.38000000,231.37000000,232.14000000,232.14000000,39418437
2025-09-02,229.25000000,230.85000000,226.97000000,229.72000000,229.72000000,44075638
2025-09-03,237.21000000,238.85000000,234.36000000,238.47000000,238.47000000,66427835
2025-09-04,238.45000000,239.89990000,236.74000000,239.78000000,239.78000000,47549429
2025-09-05,239.99500000,241.32000000,238.49010000,239.69000000,239.69000000,54870397
2025-09-08,239.30000000,240.15000000,236.34000000,237.88000000,237.88000000,48999495
2025-09-09,237.00000000,238.78050000,233.36000000,234.35000000,234.35000000,66313918
2025-09-10,232.18500000,232.42000000,225.95000000,226.79000000,226.79000000,83440810
2025-09-11,226.87500000,230.45000000,226.65000000,230.03000000,230.03000000,50208578
2025-09-12,229.22000000,234.51000000,229.02000000,234.07000000,234.07000000,55824216
2025-09-15,237.00000000,238.19000000,235.03000000,236.70000000,236.70000000,42699524
2025-09-16,237.17500000,241.22000000,236.32350000,238.15000000,238.15000000,63421099
2025-09-17,238.97000000,240.10000000,237.73010000,238.99000000,238.99000000,46508017
2025-09-18,239.97000000,241.20000000,236.65000000,237.88000000,237.88000000,44249576
2025-09-19,241.22500000,246.30000000,240.21060000,245.50000000,245.50000000,163741314
2025-09-22,248.30000000,256.64000000,248.12000000,256.08000000,256.08000000,105517416
2025-09-23,255.87500000,257.34000000,253.58000000,254.43000000,254.43000000,60275187
2025-09-24,255.22000000,255.74000000,251.04000000,252.31000000,252.31000000,42303710
2025-09-25,253.20500000,257.17000000,251.71200000,256.87000000,256.87000000,55202075
2025-09-26,254.09500000,257.60000000,253.78000000,255.46000000,255.46000000,46076258
2025-09-29,254.56000000,255.00000000,253.01000000,254.43000000,254.43000000,40127687
2025-09-30,254.85500000,255.91900000,253.11000000,254.63000000,254.63000000,37704259
2025-10-01,255.04000000,258.79000000,254.93000000,255.45000000,255.45000000,48713940
2025-10-02,256.57500000,258.18000000,254.15000000,257.13000000,257.13000000,42630239
2025-10-03,254.66500000,259.24000000,253.95000000,258.02000000,258.02000000,49155614
2025-10-06,257.99000000,259.07000000,255.05000000,256.69000000,256.69000000,44664118
2025-10-07,256.80500000,257.40000000,255.43000000,256.48000000,256.48000000,31955776
2025-10-08,256.52000000,258.52000000,256.11000000,258.06000000,258.06000000,36496895
2025-10-09,257.80500000,258.00000000,253.14000000,254.04000000,254.04000000,38322012
2025-10-10,254.94000000,256.38000000,244.00000000,245.27000000,245.27000000,61999098
2025-10-13,249.38000000,249.69000000,245.56000000,247.66000000,247.66000000,38142942
2025-10-14,246.60000000,248.84500000,244.70000000,247.77000000,247.77000000,35477986
2025-10-15,249.48500000,251.82000000,247.47000000,249.34000000,249.34000000,33893611
2025-10-16,248.25000000,249.04000000,245.13000000,247.45000000,247.45000000,39776974
2025-10-17,248.02000000,253.38000000,247.27000000,252.29000000,252.29000000,49146961
2025-10-20,255.88500000,264.37500000,255.63000000,262.24000000,262.24000000,90483029
2025-10-21,261.88000000,265.29000000,261.83000000,262.77000000,262.77000000,46695948
2025-10-22,262.65000000,262.85000000,255.43000000,258.45000000,258.45000000,45015254
2025-10-23,259.94000000,260.62000000,258.01010000,259.58000000,259.58000000,32754941
2025-10-24,261.19000000,264.13000000,259.18000000,262.82000000,262.82000000,38253717
2025-10-27,264.88000000,269.12000000,264.65010000,268.81000000,268.81000000,44888152
2025-10-28,268.98500000,269.89000000,268.15000000,269.00000000,269.00000000,41534759
2025-10-29,269.27500000,271.41000000,267.11000000,269.70000000,269.70000000,51086742
2025-10-30,271.99000000,274.14000000,268.48000000,271.40000000,271.40000000,69886534
2025-10-31,276.99000000,277.32000000,269.16000000,270.37000000,270.37000000,86167123
2025-11-03,270.42000000,270.85000000,266.25000000,269.05000000,269.05000000,50194583
2025-11-04,268.32500000,271.48600000,267.61500000,270.04000000,270.04000000,49274846
2025-11-05,268.61000000,271.70000000,266.93000000,270.14000000,270.14000000,43683072
2025-11-06,267.89000000,273.40000000,267.89000000,269.77000000,269.77000000,51204045
2025-11-07,269.79500000,272.29000000,266.77000000,268.47000000,268.47000000,48227365
2025-11-10,268.96000000,273.73000000,267.45500000,269.43000000,269.43000000,41312412
2025-11-11,269.81000000,275.91000000,269.80000000,275.25000000,275.25000000,46208318
2025-11-12,275.00000000,275.73000000,271.70000000,273.47000000,273.47000000,48397982
2025-11-13,274.11000000,276.69900000,272.09000000,272.95000000,272.95000000,49602794
2025-11-14,271.05000000,275.96000000,269.60000000,272.41000000,272.41000000,47431331
2025-11-17,268.81500000,270.49000000,265.73000000,267.46000000,267.46000000,45018260
2025-11-18,269.99000000,270.71000000,265.32000000,267.44000000,267.44000000,45677278
2025-11-19,265.52500000,272.21000000,265.50000000,268.56000000,268.56000000,40424492
2025-11-20,270.83000000,275.43000000,265.92000000,266.25000000,266.25000000,45823568
2025-11-21,265.95000000,273.33000000,265.67000000,271.49000000,271.49000000,59030832
2025-11-24,270.90000000,277.00000000,270.90000000,275.92000000,275.92000000,65585796
2025-11-25,275.27000000,280.38000000,275.25000000,276.97000000,276.97000000,46914220
2025-11-26,276.96000000,279.53000000,276.63000000,277.55000000,277.55000000,33431423
2025-11-28,277.26000000,279.00000000,275.98650000,278.85000000,278.85000000,20135620
2025-12-01,278.01000000,283.42000000,276.14000000,283.10000000,283.10000000,46587722
2025-12-02,283.00000000,287.40000000,282.63010000,286.19000000,286.19000000,53669532
2025-12-03,286.20000000,288.62000000,283.30000000,284.15000000,284.15000000,43538687
2025-12-04,284.09500000,284.73000000,278.59000000,280.70000000,280.70000000,43989056
2025-12-05,280.54000000,281.14000000,278.05000000,278.78000000,278.78000000,47265845
2025-12-08,278.13000000,279.66930000,276.15000000,277.89000000,277.89000000,38211832
2025-12-09,278.16000000,280.03000000,276.92000000,277.18000000,277.18000000,32193256
2025-12-10,277.75000000,279.75000000,276.44000000,278.78000000,278.78000000,33038318
2025-12-11,279.09500000,279.59000000,273.81000000,278.03000000,278.03000000,33247986
2025-12-12,277.90000000,279.22000000,276.82000000,278.28000000,278.28000000,39532887
2025-12-15,280.15000000,280.15000000,272.84000000,274.11000000,274.11000000,50409078
2025-12-16,272.82000000,275.50000000,271.79000000,274.61000000,274.61000000,37648628
2025-12-17,275.01000000,276.16000000,271.64000000,271.84000000,271.84000000,50138743
2025-12-18,273.60500000,273.63000000,266.95000000,272.19000000,272.19000000,51630721
2025-12-19,272.14500000,274.60000000,269.90000000,273.67000000,273.67000000,144632048
2025-12-22,272.86000000,273.88000000,270.50500000,270.97000000,270.97000000,36571827
2025-12-23,270.84000000,272.50000000,269.56000000,272.36000000,272.36000000,29641999
2025-12-24,272.34000000,275.43000000,272.19500000,273.81000000,273.81000000,17910574
2025-12-26,274.16000000,275.37000000,272.86000000,273.40000000,273.40000000,21521802
2025-12-29,272.69000000,274.36000000,272.35000000,273.76000000,273.76000000,23715213
2025-12-30,272.81000000,274.08000000,272.28000000,273.08000000,273.08000000,22139617
2025-12-31,273.06000000,273.68000000,271.75000000,271.86000000,271.86000000,27293639
2026-01-02,272.25500000,277.84000000,269.00000000,271.01000000,271.01000000,37838054
2026-01-05,270.64000000,271.51000000,266.14000000,267.26000000,267.26000000,45647190
2026-01-06,267.00000000,267.55000000,262.12000000,262.36000000,262.36000000,52352090
2026-01-07,263.20000000,263.68000000,259.81000000,260.33000000,260.33000000,48309804
2026-01-08,257.02000000,259.29000000,255.70000000,259.04000000,259.04000000,50419337
2026-01-09,259.07500000,260.21000000,256.22000000,259.37000000,259.37000000,39996967
2026-01-12,259.16000000,261.30000000,256.80000000,260.25000000,260.25000000,45263767
2026-01-13,258.72000000,261.81000000,258.39000000,261.05000000,261.05000000,45730847
2026-01-14,259.49000000,261.82000000,256.71000000,259.96000000,259.96000000,40019421
2026-01-15,260.65000000,261.04000000,257.05000000,258.21000000,258.21000000,39388564
2026-01-16,257.90000000,258.90000000,254.93000000,255.53000000,255.53000000,72142773
2026-01-20,252.73000000,254.79000000,243.42000000,246.70000000,246.70000000,80267517
2026-01-21,248.70000000,251.56000000,245.18000000,247.65000000,247.65000000,54641725
2026-01-22,249.20000000,251.00000000,248.15000000,248.35000000,248.35000000,39708340
2026-01-23,247.32000000,249.41000000,244.68000000,248.04000000,248.04000000,41688982
2026-01-26,251.48000000,256.56000000,249.80000000,255.41000000,255.41000000,55969234
2026-01-27,259.17000000,261.95000000,258.21000000,258.27000000,258.27000000,49648271
2026-01-28,257.65000000,258.85500000,254.51000000,256.44000000,256.44000000,41287971
2026-01-29,258.00000000,259.65000000,254.41000000,258.28000000,258.28000000,67253009
2026-01-30,255.16500000,261.89990000,252.18000000,259.48000000,259.48000000,92443408
2026-02-02,260.03000000,270.49000000,259.20500000,270.01000000,270.01000000,73913425
2026-02-03,269.20000000,271.87500000,267.61000000,269.48000000,269.48000000,64394655
2026-02-04,272.28500000,278.95000000,272.28500000,276.49000000,276.49000000,90545710
2026-02-05,278.13000000,279.50000000,273.23000000,275.91000000,275.91000000,52977441
2026-02-06,277.12000000,280.90500000,276.92500000,278.12000000,278.12000000,50453414
2026-02-09,277.90500000,278.20000000,271.70000000,274.62000000,274.62000000,44623396
2026-02-10,274.88500000,275.37000000,272.94000000,273.68000000,273.68000000,34376898
2026-02-11,274.69500000,280.18000000,274.45000000,275.50000000,275.50000000,51931283
2026-02-12,275.59000000,275.72000000,260.18000000,261.73000000,261.73000000,81077229
2026-02-13,262.01000000,262.23000000,255.45000000,255.78000000,255.78000000,56290673
2026-02-17,258.05000000,266.29000000,255.54000000,263.88000000,263.88000000,58469094
2026-02-18,263.60000000,266.82000000,262.45000000,264.35000000,264.35000000,34203337
2026-02-19,262.60000000,264.48000000,260.05000000,260.58000000,260.58000000,30845294
2026-02-20,258.97000000,264.75000000,258.16000000,264.58000000,264.58000000,42070499
2026-02-23,263.49000000,269.43000000,263.38100000,266.18000000,266.18000000,37308155
2026-02-24,267.86000000,274.89000000,267.71000000,272.14000000,272.14000000,47014619
2026-02-25,271.78000000,274.94000000,271.05000000,274.23000000,274.23000000,33711234
