Date,Open,High,Low,Close,Adj Close,Volume
2024-02-27,54525.40000000,57646.81000000,54384.00000000,57077.07000000,57077.07000000,38515
2024-02-28,57077.08000000,64100.00000000,56000.40000000,62518.90000000,62518.90000000,65601
2024-02-29,62489.80000000,63675.48000000,60108.80000000,61180.90000000,61180.90000000,47621
2024-03-01,61179.03000000,63267.18000000,60500.00000000,62436.72000000,62436.72000000,30681
2024-03-02,62439.74000000,62500.00000000,61584.00000000,62045.78000000,62045.78000000,10456
2024-03-03,62045.78000000,63260.00000000,61350.00000000,63178.20000000,63178.20000000,10579
2024-03-04,63155.74000000,68602.98000000,62216.00000000,68098.00000000,68098.00000000,52133
2024-03-05,68356.70000000,69324.58000000,59008.00000000,63800.78000000,63800.78000000,85476
2024-03-06,63802.15000000,67681.00000000,62783.00000000,66122.28000000,66122.28000000,44033
2024-03-07,66115.48000000,68098.09000000,65595.00000000,66938.21000000,66938.21000000,27523
2024-03-08,66938.21000000,70199.00000000,65200.00000000,68289.16000000,68289.16000000,42812
2024-03-09,68289.16000000,68700.41000000,67719.00000000,68480.00000000,68480.00000000,11795
2024-03-10,68480.01000000,70000.00000000,68047.00000000,68951.00000000,68951.00000000,17430
2024-03-11,69032.80000000,72943.98000000,67000.00000000,72110.98000000,72110.98000000,44952
2024-03-12,72100.10000000,73027.63000000,68357.00000000,71475.93000000,71475.93000000,40257
2024-03-13,71473.43000000,73709.99000000,70976.00000000,73135.04000000,73135.04000000,27339
2024-03-14,73135.04000000,73835.57000000,68454.47000000,71364.58000000,71364.58000000,42665
2024-03-15,71364.58000000,72500.00000000,65460.00000000,69520.00000000,69520.00000000,51116
2024-03-16,69514.87000000,70071.00000000,64774.05000000,65254.22000000,65254.22000000,22452
2024-03-17,65254.22000000,68927.00000000,64505.00000000,68343.64000000,68343.64000000,18896
2024-03-18,68354.29000000,68940.00000000,66562.65000000,67613.04000000,67613.04000000,25258
2024-03-19,67600.00000000,68136.39000000,61506.00000000,61906.27000000,61906.27000000,53882
2024-03-20,62022.00000000,68202.00000000,60771.14000000,67858.80000000,67858.80000000,49516
2024-03-21,67855.88000000,68280.00000000,64525.00000000,65484.70000000,65484.70000000,24555
2024-03-22,65478.98000000,66712.00000000,62201.00000000,63814.56000000,63814.56000000,23774
2024-03-23,63814.56000000,66029.09000000,63013.19000000,63998.86000000,63998.86000000,10615
2024-03-24,63998.87000000,67949.00000000,63785.57000000,67204.93000000,67204.93000000,10359
2024-03-25,67212.69000000,71269.92000000,66381.84000000,69890.28000000,69890.28000000,31307
2024-03-26,69950.10000000,71582.96000000,69116.80000000,70000.10000000,70000.10000000,20155
2024-03-27,69994.90000000,71789.85000000,68251.00000000,69437.30000000,69437.30000000,26781
2024-03-28,69437.20000000,71635.99000000,68800.00000000,70801.18000000,70801.18000000,19933
2024-03-29,70786.00000000,70941.70000000,69015.00000000,69903.75000000,69903.75000000,10710
2024-03-30,69903.74000000,70363.25000000,69569.03000000,69626.87000000,69626.87000000,4242
2024-03-31,69652.00000000,71444.00000000,69587.86000000,71288.90000000,71288.90000000,6649
2024-04-01,71291.50000000,71373.00000000,68055.15000000,69681.10000000,69681.10000000,18513
2024-04-02,69681.10000000,69711.00000000,64192.00000000,65464.14000000,65464.14000000,30832
2024-04-03,65472.00000000,66944.06000000,64500.00000000,65987.92000000,65987.92000000,17444
2024-04-04,65984.18000000,69634.00000000,65048.00000000,68527.40000000,68527.40000000,23624
2024-04-05,68528.69000000,68783.99000000,65959.00000000,67856.51000000,67856.51000000,20406
2024-04-06,67856.51000000,69693.10000000,67379.00000000,68919.89000000,68919.89000000,6124
2024-04-07,68908.60000000,70312.00000000,68820.00000000,69350.34000000,69350.34000000,7901
2024-04-08,69350.36000000,72777.00000000,69036.00000000,71622.53000000,71622.53000000,23223
2024-04-09,71650.10000000,71761.37000000,68200.00000000,69117.01000000,69117.01000000,21914
2024-04-10,69115.79000000,71341.00000000,67463.07000000,70634.04000000,70634.04000000,21928
2024-04-11,70733.00000000,71444.00000000,69530.00000000,70046.40000000,70046.40000000,14372
2024-04-12,70103.00000000,71291.00000000,65103.00000000,67148.61000000,67148.61000000,32094
2024-04-13,67199.80000000,69100.00000000,60495.00000000,64024.77000000,64024.77000000,37545
2024-04-14,64018.60000000,65909.00000000,62150.00000000,65777.05000000,65777.05000000,26538
2024-04-15,65700.00000000,66928.82000000,62315.08000000,63452.18000000,63452.18000000,27322
2024-04-16,63441.80000000,64415.00000000,61551.00000000,63814.94000000,63814.94000000,22582
2024-04-17,63832.60000000,64534.00000000,59648.33000000,61279.36000000,61279.36000000,27908
2024-04-18,61284.40000000,64210.00000000,60816.07000000,63513.85000000,63513.85000000,19600
2024-04-19,63499.50000000,65501.00000000,59573.32000000,63848.37000000,63848.37000000,29526
2024-04-20,63846.00000000,65465.00000000,63121.15000000,64968.87000000,64968.87000000,8034
2024-04-21,64993.80000000,65756.00000000,64250.00000000,64952.92000000,64952.92000000,6317
2024-04-22,64953.00000000,68158.00000000,64520.00000000,66859.17000000,66859.17000000,14674
2024-04-23,66831.40000000,67253.00000000,65807.00000000,66414.16000000,66414.16000000,11216
2024-04-24,66419.80000000,67153.00000000,63542.56000000,64255.78000000,64255.78000000,18390
2024-04-25,64255.77000000,65381.00000000,62743.50000000,64484.44000000,64484.44000000,16609
2024-04-26,64489.10000000,64839.00000000,63287.76000000,63742.39000000,63742.39000000,12487
2024-04-27,63750.80000000,64029.00000000,62389.00000000,63425.00000000,63425.00000000,7688
2024-04-28,63425.10000000,64470.00000000,62743.81000000,63108.94000000,63108.94000000,5551
2024-04-29,63114.10000000,64304.00000000,61741.01000000,63844.85000000,63844.85000000,13377
2024-04-30,63822.10000000,64800.00000000,59040.30000000,60622.10000000,60622.10000000,26998
2024-05-01,60610.00000000,60991.00000000,56378.00000000,58265.59000000,58265.59000000,36306
2024-05-02,58267.81000000,59767.00000000,56903.79000000,59071.89000000,59071.89000000,18350
2024-05-03,59113.20000000,63444.00000000,58821.05000000,62913.03000000,62913.03000000,22588
2024-05-04,62925.80000000,64644.00000000,62550.40000000,63902.88000000,63902.88000000,9341
2024-05-05,63898.00000000,64801.00000000,62908.34000000,64023.45000000,64023.45000000,6410
2024-05-06,64067.50000000,65628.00000000,62704.48000000,63162.24000000,63162.24000000,15014
2024-05-07,63161.70000000,64480.00000000,62252.64000000,62315.76000000,62315.76000000,11742
2024-05-08,62325.00000000,63112.00000000,60851.04000000,61169.53000000,61169.53000000,9857
2024-05-09,61172.10000000,63529.00000000,60601.60000000,63073.57000000,63073.57000000,10679
2024-05-10,63052.00000000,63612.00000000,60150.00000000,60787.47000000,60787.47000000,15163
2024-05-11,60790.80000000,61588.00000000,60450.13000000,60805.00000000,60805.00000000,3789
2024-05-12,60805.00000000,61962.00000000,60576.05000000,61453.02000000,61453.02000000,3792
2024-05-13,61444.60000000,63540.00000000,60738.51000000,62932.37000000,62932.37000000,11541
2024-05-14,62910.00000000,63175.00000000,61000.00000000,61539.84000000,61539.84000000,16135
2024-05-15,61539.70000000,66500.00000000,61299.57000000,66244.69000000,66244.69000000,27716
2024-05-16,66233.10000000,66799.00000000,64557.00000000,65252.18000000,65252.18000000,15424
2024-05-17,65228.40000000,67618.00000000,65113.46000000,67046.33000000,67046.33000000,14778
2024-05-18,67043.60000000,67473.00000000,66598.00000000,66923.87000000,66923.87000000,4637
2024-05-19,66920.10000000,67984.00000000,65852.02000000,66262.40000000,66262.40000000,4912
2024-05-20,66262.50000000,71560.90000000,66057.03000000,71432.17000000,71432.17000000,25837
2024-05-21,71432.16000000,71980.00000000,69146.01000000,70145.10000000,70145.10000000,19826
2024-05-22,70145.10000000,70668.00000000,68725.20000000,69109.93000000,69109.93000000,14277
2024-05-23,69144.10000000,70500.00000000,66250.00000000,67940.45000000,67940.45000000,19011
2024-05-24,67947.00000000,69308.00000000,66587.91000000,68547.80000000,68547.80000000,12804
2024-05-25,68541.00000000,69635.00000000,68487.44000000,69289.67000000,69289.67000000,3607
2024-05-26,69278.70000000,69588.00000000,67971.10000000,68473.72000000,68473.72000000,2949
2024-05-27,68474.40000000,70679.00000000,68210.12000000,69368.72000000,69368.72000000,7834
2024-05-28,69377.80000000,69597.00000000,67194.59000000,68321.98000000,68321.98000000,14590
2024-05-29,68325.00000000,68971.00000000,67081.66000000,67569.45000000,67569.45000000,11508
2024-05-30,67575.40000000,69550.00000000,67092.91000000,68338.58000000,68338.58000000,14621
2024-05-31,68365.00000000,69028.00000000,66584.47000000,67472.41000000,67472.41000000,12714
2024-06-01,67498.10000000,67890.00000000,67371.28000000,67719.29000000,67719.29000000,2453
2024-06-02,67717.20000000,68444.00000000,67260.00000000,67735.52000000,67735.52000000,3849
2024-06-03,67731.14000000,70295.78000000,67568.00000000,68791.00000000,68791.00000000,14723
2024-06-04,68800.00000000,71108.90000000,68542.37000000,70542.32000000,70542.32000000,21220
2024-06-05,70558.70000000,71804.13000000,70356.49000000,71121.11000000,71121.11000000,13144
2024-06-06,71116.30000000,71651.00000000,70093.98000000,70773.64000000,70773.64000000,9799
2024-06-07,70752.10000000,71974.04000000,68298.55000000,69394.00000000,69394.00000000,18017
2024-06-08,69317.10000000,69618.00000000,69126.22000000,69304.05000000,69304.05000000,3361
2024-06-09,69291.50000000,69848.94000000,69101.00000000,69649.90000000,69649.90000000,2732
2024-06-10,69649.90000000,70187.53000000,69141.51000000,69497.73000000,69497.73000000,7800
2024-06-11,69522.20000000,69558.70000000,66018.69000000,67316.53000000,67316.53000000,21178
2024-06-12,67330.00000000,70037.00000000,66883.32000000,68248.60000000,68248.60000000,20072
2024-06-13,68248.59000000,68474.49000000,66200.00000000,66756.50000000,66756.50000000,13688
2024-06-14,66776.00000000,67370.00000000,65005.00000000,66004.39000000,66004.39000000,14036
2024-06-15,65992.10000000,66442.00000000,65794.70000000,66192.00000000,66192.00000000,2596
2024-06-16,66198.10000000,66947.00000000,65999.00000000,66628.75000000,66628.75000000,2936
2024-06-17,66630.00000000,67302.00000000,65050.00000000,66481.81000000,66481.81000000,16345
2024-06-18,66487.70000000,66623.00000000,64010.01000000,65152.80000000,65152.80000000,19988
2024-06-19,65169.70000000,65820.00000000,64635.48000000,64943.79000000,64943.79000000,6315
2024-06-20,64949.10000000,66585.00000000,64500.00000000,64840.88000000,64840.88000000,11796
2024-06-21,64833.30000000,65196.00000000,63300.93000000,64087.90000000,64087.90000000,12112
2024-06-22,64088.00000000,64613.00000000,63910.01000000,64235.01000000,64235.01000000,3181
2024-06-23,64253.00000000,64618.00000000,63125.75000000,63171.43000000,63171.43000000,3176
2024-06-24,63169.36000000,63461.00000000,58414.28000000,60263.00000000,60263.00000000,28056
2024-06-25,60297.10000000,62470.00000000,60217.36000000,61789.71000000,61789.71000000,18289
2024-06-26,61794.10000000,62558.00000000,60656.80000000,60815.10000000,60815.10000000,13088
2024-06-27,60815.20000000,62499.00000000,60546.94000000,61615.39000000,61615.39000000,12724
2024-06-28,61617.10000000,62295.00000000,59868.00000000,60313.35000000,60313.35000000,13141
2024-06-29,60319.60000000,61352.00000000,60273.80000000,60860.00000000,60860.00000000,4492
2024-06-30,60860.00000000,63131.00000000,60611.01000000,62668.26000000,62668.26000000,5696
2024-07-01,62680.40000000,63911.00000000,62448.46000000,62830.13000000,62830.13000000,14426
2024-07-02,62830.94000000,63331.00000000,61000.00000000,62040.22000000,62040.22000000,12224
2024-07-03,62020.00000000,62386.00000000,59332.76000000,60145.01000000,60145.01000000,14682
2024-07-04,60146.60000000,60550.00000000,56709.73000000,57042.14000000,57042.14000000,23071
2024-07-05,57031.40000000,57615.00000000,53219.00000000,56639.43000000,56639.43000000,35152
2024-07-06,56650.10000000,58538.00000000,56020.32000000,58244.75000000,58244.75000000,8930
2024-07-07,58234.90000000,58563.00000000,55717.23000000,55854.09000000,55854.09000000,7225
2024-07-08,55845.40000000,58350.00000000,54278.93000000,56699.30000000,56699.30000000,23020
2024-07-09,56699.30000000,58422.00000000,56276.37000000,58047.86000000,58047.86000000,14464
2024-07-10,58001.60000000,59606.00000000,57154.10000000,57712.59000000,57712.59000000,14095
2024-07-11,57742.10000000,59654.00000000,57036.41000000,57340.77000000,57340.77000000,14326
2024-07-12,57350.00000000,58653.00000000,56538.33000000,57909.03000000,57909.03000000,12770
2024-07-13,57911.50000000,60063.00000000,57770.92000000,59224.58000000,59224.58000000,5857
2024-07-14,59224.58000000,61535.00000000,59209.20000000,60808.42000000,60808.42000000,8695
2024-07-15,60810.00000000,65014.00000000,60666.59000000,64757.16000000,64757.16000000,24915
2024-07-16,64764.30000000,65488.00000000,62410.33000000,65088.99000000,65088.99000000,18695
2024-07-17,65077.10000000,66180.00000000,63853.10000000,64085.81000000,64085.81000000,13094
2024-07-18,64120.10000000,65200.00000000,63222.60000000,63982.86000000,63982.86000000,9745
2024-07-19,63960.70000000,67504.22000000,63289.15000000,66707.61000000,66707.61000000,18233
2024-07-20,66708.90000000,67694.00000000,66271.00000000,67163.83000000,67163.83000000,5976
2024-07-21,67166.10000000,68479.00000000,65820.18000000,68181.28000000,68181.28000000,8257
2024-07-22,68137.20000000,68560.00000000,66569.42000000,67558.22000000,67558.22000000,13916
2024-07-23,67595.20000000,67906.00000000,65444.30000000,65939.24000000,65939.24000000,13878
2024-07-24,65900.80000000,67241.00000000,65090.61000000,65366.40000000,65366.40000000,9997
2024-07-25,65503.00000000,66241.00000000,63412.46000000,65795.42000000,65795.42000000,13300
2024-07-26,65794.20000000,68333.00000000,65705.60000000,67924.08000000,67924.08000000,12395
2024-07-27,67914.70000000,69529.00000000,66624.30000000,67899.41000000,67899.41000000,14034
2024-07-28,67912.90000000,68443.00000000,67021.80000000,68244.30000000,68244.30000000,4645
2024-07-29,68250.00000000,70162.00000000,66400.01000000,66771.45000000,66771.45000000,17576
2024-07-30,66755.40000000,67179.00000000,65283.68000000,66169.68000000,66169.68000000,11131
2024-07-31,66175.10000000,66947.00000000,64500.00000000,64609.62000000,64609.62000000,11041
2024-08-01,64638.10000000,65720.00000000,62212.81000000,65288.18000000,65288.18000000,19436
2024-08-02,65462.00000000,65668.00000000,61150.00000000,61418.06000000,61418.06000000,19180
2024-08-03,61410.00000000,62260.00000000,59819.13000000,60674.93000000,60674.93000000,11400
2024-08-04,60688.60000000,61213.00000000,57123.00000000,58130.95000000,58130.95000000,12979
2024-08-05,58103.10000000,58344.00000000,49050.01000000,54029.12000000,54029.12000000,76954
2024-08-06,54037.90000000,57207.00000000,53965.57000000,56048.08000000,56048.08000000,21200
2024-08-07,56048.07000000,57833.00000000,54556.50000000,55148.10000000,55148.10000000,17584
2024-08-08,55144.14000000,62770.00000000,54737.32000000,61705.58000000,61705.58000000,25703
2024-08-09,61704.05000000,61809.00000000,59552.46000000,60862.13000000,60862.13000000,15441
2024-08-10,60859.90000000,61535.00000000,60255.61000000,60935.02000000,60935.02000000,4072
2024-08-11,60951.80000000,61916.00000000,58312.63000000,58722.49000000,58722.49000000,7229
2024-08-12,58816.00000000,60764.00000000,57653.31000000,59358.78000000,59358.78000000,14679
2024-08-13,59359.50000000,61635.00000000,58402.01000000,60603.19000000,60603.19000000,14090
2024-08-14,60600.10000000,61898.00000000,58453.56000000,58690.62000000,58690.62000000,16068
2024-08-15,58693.70000000,59909.00000000,56117.70000000,57543.61000000,57543.61000000,17870
2024-08-16,57543.57000000,59905.00000000,57096.56000000,58888.99000000,58888.99000000,13998
2024-08-17,58895.60000000,59800.00000000,58803.45000000,59497.49000000,59497.49000000,3375
2024-08-18,59473.40000000,60313.00000000,58422.00000000,58466.50000000,58466.50000000,5635
2024-08-19,58466.50000000,59700.00000000,57820.00000000,59452.67000000,59452.67000000,10140
2024-08-20,59493.70000000,61472.00000000,58571.96000000,59017.59000000,59017.59000000,14259
2024-08-21,59017.59000000,61898.00000000,58793.89000000,61163.28000000,61163.28000000,16511
2024-08-22,61179.80000000,61467.00000000,59750.00000000,60383.29000000,60383.29000000,11537
2024-08-23,60391.10000000,65074.00000000,60343.20000000,64087.40000000,64087.40000000,21733
2024-08-24,64087.50000000,64609.00000000,63564.22000000,64179.63000000,64179.63000000,6231
2024-08-25,64176.10000000,65200.00000000,63793.74000000,64251.93000000,64251.93000000,4954
2024-08-26,64288.10000000,64579.00000000,62806.80000000,62966.00000000,62966.00000000,12256
2024-08-27,62851.10000000,63307.00000000,58009.60000000,59439.64000000,59439.64000000,17668
2024-08-28,59458.00000000,60330.00000000,57851.62000000,59045.88000000,59045.88000000,12730
2024-08-29,59025.60000000,61290.00000000,58717.40000000,59385.50000000,59385.50000000,13390
2024-08-30,59385.50000000,60102.00000000,57700.00000000,59112.77000000,59112.77000000,12801
2024-08-31,59110.00000000,59622.00000000,58736.90000000,58968.37000000,58968.37000000,2737
2024-09-01,58968.37000000,59236.00000000,57200.00000000,57299.00000000,57299.00000000,7421
2024-09-02,57318.50000000,59588.00000000,57119.01000000,59139.83000000,59139.83000000,6932
2024-09-03,59305.00000000,59976.00000000,57394.49000000,57468.84000000,57468.84000000,10681
2024-09-04,57482.40000000,58632.00000000,55555.00000000,57971.00000000,57971.00000000,18103
2024-09-05,57970.10000000,58451.00000000,55601.50000000,56156.82000000,56156.82000000,16459
2024-09-06,56163.90000000,57123.00000000,52530.00000000,53950.01000000,53950.01000000,24644
2024-09-07,53948.30000000,55084.00000000,53733.10000000,54156.33000000,54156.33000000,5599
2024-09-08,54146.50000000,55448.00000000,53623.95000000,54881.11000000,54881.11000000,5724
2024-09-09,54856.90000000,58180.00000000,54565.56000000,57053.90000000,57053.90000000,13946
2024-09-10,57062.70000000,58136.00000000,56377.76000000,57645.59000000,57645.59000000,7933
2024-09-11,57630.00000000,58104.00000000,55534.41000000,57352.79000000,57352.79000000,14972
2024-09-12,57350.70000000,58652.00000000,57339.00000000,58287.00000000,58287.00000000,2188
2024-09-13,58133.40000000,60730.00000000,57658.30000000,60581.00000000,60581.00000000,4137
2024-09-14,60581.10000000,60713.00000000,59478.30000000,60000.10000000,60000.10000000,1340
2024-09-15,60000.20000000,60525.00000000,58679.10000000,59135.10000000,59135.10000000,1742
2024-09-16,59135.10000000,59336.00000000,57488.70000000,58342.00000000,58342.00000000,2013
2024-09-17,58209.76000000,61373.41000000,57619.90000000,60317.20000000,60317.20000000,15177
2024-09-18,60317.10000000,61875.00000000,59164.60000000,61853.00000000,61853.00000000,14828
2024-09-19,61853.00000000,63950.00000000,61569.16000000,62960.14000000,62960.14000000,18538
2024-09-20,62922.20000000,64200.00000000,62340.00000000,63210.69000000,63210.69000000,13348
2024-09-21,63210.30000000,63614.00000000,62755.00000000,63362.74000000,63362.74000000,3930
2024-09-22,63376.10000000,64093.00000000,62380.55000000,63577.66000000,63577.66000000,5689
2024-09-23,63615.20000000,64842.00000000,62566.28000000,63338.87000000,63338.87000000,10142
2024-09-24,63338.85000000,64775.00000000,62689.15000000,64272.93000000,64272.93000000,11178
2024-09-25,64272.93000000,64888.00000000,62917.40000000,63130.89000000,63130.89000000,7774
2024-09-26,63139.20000000,65888.00000000,62652.99000000,65177.21000000,65177.21000000,16007
2024-09-27,65179.30000000,66587.00000000,64827.85000000,65789.00000000,65789.00000000,11747
2024-09-28,65788.80000000,66410.00000000,65400.00000000,65858.99000000,65858.99000000,3289
2024-09-29,65862.70000000,66193.00000000,65433.29000000,65600.01000000,65600.01000000,3350
2024-09-30,65600.01000000,65759.00000000,62833.95000000,63301.25000000,63301.25000000,13459
2024-10-01,63305.52000000,64217.00000000,60150.89000000,60790.00000000,60790.00000000,19449
2024-10-02,60819.10000000,62480.00000000,59969.20000000,60631.37000000,60631.37000000,11132
2024-10-03,60643.90000000,61600.00000000,59824.87000000,60744.99000000,60744.99000000,9986
2024-10-04,60739.70000000,62575.00000000,60451.60000000,62090.71000000,62090.71000000,9925
2024-10-05,62081.00000000,62437.00000000,61686.34000000,62051.29000000,62051.29000000,2565
2024-10-06,62051.58000000,63033.00000000,61805.85000000,62810.86000000,62810.86000000,2866
2024-10-07,62809.40000000,64514.00000000,62113.28000000,62202.02000000,62202.02000000,13062
2024-10-08,62203.82000000,63248.00000000,61824.48000000,62122.02000000,62122.02000000,8436
2024-10-09,62120.60000000,62587.00000000,60255.00000000,60578.28000000,60578.28000000,9442
2024-10-10,60558.00000000,61364.00000000,58863.90000000,60279.53000000,60279.53000000,12779
2024-10-11,60275.90000000,63455.00000000,60029.98000000,62518.75000000,62518.75000000,13819
2024-10-12,62502.50000000,63590.00000000,62464.15000000,63187.46000000,63187.46000000,4907
2024-10-13,63184.90000000,63406.00000000,62029.90000000,62845.30000000,62845.30000000,3655
2024-10-14,62834.90000000,66555.00000000,62426.67000000,66065.65000000,66065.65000000,16820
2024-10-15,66065.64000000,67944.76000000,64686.10000000,67056.60000000,67056.60000000,21695
2024-10-16,67056.00000000,68399.00000000,66743.00000000,67608.44000000,67608.44000000,15605
2024-10-17,67654.00000000,67962.00000000,66629.97000000,67402.33000000,67402.33000000,9872
2024-10-18,67399.86000000,69000.62000000,67149.24000000,68426.11000000,68426.11000000,14198
2024-10-19,68440.20000000,68689.29000000,68005.83000000,68363.73000000,68363.73000000,2451
2024-10-20,68375.00000000,69402.00000000,68083.18000000,69014.86000000,69014.86000000,3637
2024-10-21,69010.50000000,69586.00000000,66802.00000000,67346.15000000,67346.15000000,13050
2024-10-22,67385.10000000,67824.00000000,66535.00000000,67387.60000000,67387.60000000,10325
2024-10-23,67384.20000000,67436.00000000,65149.51000000,66601.11000000,66601.11000000,11070
2024-10-24,66630.50000000,68846.00000000,66445.32000000,68156.84000000,68156.84000000,12174
2024-10-25,68170.10000000,68750.00000000,65500.01000000,66564.51000000,66564.51000000,16936
2024-10-26,66564.51000000,67446.00000000,66331.95000000,67012.56000000,67012.56000000,3632
2024-10-27,67026.10000000,68328.00000000,66836.78000000,67943.19000000,67943.19000000,3708
2024-10-28,67943.18000000,70287.00000000,67532.48000000,69924.50000000,69924.50000000,19515
2024-10-29,69912.00000000,73624.98000000,69705.76000000,72724.35000000,72724.35000000,26341
2024-10-30,72661.00000000,73060.00000000,71400.00000000,72322.91000000,72322.91000000,15702
2024-10-31,72331.10000000,72684.02000000,69559.33000000,70197.83000000,70197.83000000,16980
2024-11-01,70250.10000000,71653.00000000,68720.00000000,69467.29000000,69467.29000000,18602
2024-11-02,69490.10000000,69939.00000000,69000.00000000,69358.94000000,69358.94000000,3362
2024-11-03,69300.90000000,69409.00000000,67444.00000000,68738.18000000,68738.18000000,9845
2024-11-04,68806.00000000,69505.00000000,66783.77000000,67807.48000000,67807.48000000,14583
2024-11-05,67787.80000000,70599.00000000,67427.53000000,69380.73000000,69380.73000000,15645
2024-11-06,69382.70000000,76509.56000000,69285.82000000,75646.55000000,75646.55000000,59140
2024-11-07,75642.10000000,76999.00000000,74397.00000000,75920.00000000,75920.00000000,26510
2024-11-08,75925.00000000,77312.18000000,75608.00000000,76566.73000000,76566.73000000,21483
2024-11-09,76550.50000000,76952.67000000,75746.00000000,76728.30000000,76728.30000000,6165
2024-11-10,76728.30000000,81534.28000000,76531.00000000,80428.92000000,80428.92000000,25779
2024-11-11,80423.30000000,89666.00000000,80244.00000000,88770.73000000,88770.73000000,46215
2024-11-12,88737.50000000,89933.00000000,85128.00000000,87932.00000000,87932.00000000,9704
2024-11-13,88087.30000000,93495.00000000,86137.00000000,90493.82000000,90493.82000000,52609
2024-11-14,90499.40000000,91831.25000000,86621.90000000,87340.40000000,87340.40000000,31126
2024-11-15,87314.40000000,91934.62000000,87100.83000000,91058.36000000,91058.36000000,25460
2024-11-16,91062.00000000,91820.73000000,90069.21000000,90555.10000000,90555.10000000,8809
2024-11-17,90076.00000000,90226.00000000,88709.00000000,89866.85000000,89866.85000000,2992
2024-11-18,90635.12000000,92095.34000000,90294.86000000,90532.00000000,90532.00000000,6750
2024-11-19,93343.26000000,93697.59000000,91348.00000000,92341.07000000,92341.07000000,5533
2024-11-20,94140.11000000,94744.99000000,93788.20000000,94359.04000000,94359.04000000,4841
2024-11-21,94356.80000000,99073.53000000,93986.00000000,98439.09000000,98439.09000000,38976
2024-11-22,98496.00000000,99860.00000000,97010.00000000,99024.03000000,99024.03000000,35602
2024-11-23,99024.03000000,99044.11000000,97136.00000000,97778.77000000,97778.77000000,15863
2024-11-24,98109.90000000,98445.10000000,95635.00000000,97887.40000000,97887.40000000,1683906
2024-11-25,97994.10000000,98999.00000000,92534.93000000,93000.01000000,93000.01000000,26633
2024-11-26,93000.10000000,95090.00000000,90682.58000000,91929.54000000,91929.54000000,22822
2024-11-27,91914.60000000,97387.90000000,91747.46000000,95951.19000000,95951.19000000,19721
2024-11-28,95946.80000000,96676.31000000,94653.60000000,95665.53000000,95665.53000000,7054
2024-11-29,95637.80000000,98750.00000000,95383.46000000,97490.56000000,97490.56000000,16057
2024-11-30,97478.70000000,97580.00000000,96129.73000000,96465.42000000,96465.42000000,4550
2024-12-01,96456.30000000,97988.00000000,95753.42000000,97263.18000000,97263.18000000,5405
2024-12-02,97259.17000000,98240.00000000,94400.63000000,95862.89000000,95862.89000000,16693
2024-12-03,95853.30000000,96402.00000000,93565.10000000,95917.50000000,95917.50000000,3247
2024-12-04,95924.85000000,99263.20000000,94634.85000000,98746.24000000,98746.24000000,18418
2024-12-05,98710.00000000,104000.00000000,88800.00000000,96856.00000000,96856.00000000,5284
2024-12-06,97087.30000000,101995.00000000,96210.00000000,99872.90000000,99872.90000000,4172
2024-12-07,99873.00000000,100530.00000000,98788.00000000,99899.90000000,99899.90000000,1166
2024-12-08,99900.00000000,101480.00000000,98699.70000000,101174.99000000,101174.99000000,5703
2024-12-09,101240.00000000,101300.00000000,94222.00000000,97410.00000000,97410.00000000,1580
2024-12-10,97330.66000000,98368.00000000,94273.38000000,96660.76000000,96660.76000000,23846
2024-12-11,96655.10000000,101984.98000000,95722.79000000,101202.11000000,101202.11000000,24703
2024-12-12,101177.10000000,102595.00000000,99280.00000000,100030.47000000,100030.47000000,17513
2024-12-13,100024.75000000,101959.13000000,99220.81000000,101428.75000000,101428.75000000,15236
2024-12-14,101483.10000000,102650.00000000,100550.00000000,101399.99000000,101399.99000000,5772
2024-12-15,101400.10000000,105100.00000000,101210.00000000,104447.76000000,104447.76000000,10772
2024-12-16,104360.00000000,107857.79000000,103220.00000000,106099.81000000,106099.81000000,28806
2024-12-17,106070.20000000,108388.88000000,105110.00000000,106136.99000000,106136.99000000,17891
2024-12-18,106152.00000000,106528.13000000,99939.82000000,100150.73000000,100150.73000000,26495
2024-12-19,100166.10000000,102800.00000000,95539.67000000,97372.21000000,97372.21000000,28638
2024-12-20,97352.32000000,98208.80000000,92115.66000000,97758.40000000,97758.40000000,34178
2024-12-21,97781.80000000,99596.57000000,96359.80000000,97230.08000000,97230.08000000,8185
2024-12-22,97232.70000000,97435.00000000,94182.98000000,95087.75000000,95087.75000000,6675
2024-12-23,95101.90000000,96548.00000000,92360.91000000,94764.56000000,94764.56000000,16870
2024-12-24,94699.40000000,99554.00000000,93426.25000000,98594.47000000,98594.47000000,15474
2024-12-25,98594.47000000,99566.00000000,97557.48000000,99346.28000000,99346.28000000,6414
2024-12-26,99463.00000000,99900.00000000,95083.93000000,95669.49000000,95669.49000000,13433
2024-12-27,95660.90000000,97554.00000000,93234.31000000,94171.89000000,94171.89000000,15476
2024-12-28,94147.60000000,95916.00000000,94002.72000000,95130.82000000,95130.82000000,3462
2024-12-29,95204.10000000,95559.00000000,92841.48000000,93563.35000000,93563.35000000,4701
2024-12-30,93551.00000000,95135.00000000,91256.60000000,92620.71000000,92620.71000000,19241
2024-12-31,92346.70000000,96400.00000000,91887.13000000,93383.32000000,93383.32000000,15102
2025-01-01,93758.00000000,95287.00000000,93072.00000000,94757.00000000,94757.00000000,546
2025-01-02,94757.00000000,97887.00000000,94521.00000000,97035.00000000,97035.00000000,576
2025-01-03,96805.30000000,99028.00000000,96016.63000000,98136.51000000,98136.51000000,10997
2025-01-04,98111.10000000,98781.00000000,97516.65000000,98209.85000000,98209.85000000,3517
2025-01-05,98208.90000000,98889.00000000,97250.00000000,98345.33000000,98345.33000000,3035
2025-01-06,98306.30000000,102560.00000000,97900.00000000,102279.41000000,102279.41000000,18260
2025-01-07,102300.00000000,102760.00000000,96100.00000000,96941.98000000,96941.98000000,20002
2025-01-08,96932.20000000,97346.00000000,92500.00000000,95202.00000000,95202.00000000,18447
2025-01-09,95060.10000000,95479.00000000,91168.50000000,92547.44000000,92547.44000000,13551
2025-01-10,92547.44000000,95930.00000000,92200.00000000,94701.18000000,94701.18000000,15485
2025-01-11,94698.90000000,95115.00000000,93804.05000000,94565.02000000,94565.02000000,3101
2025-01-12,94562.10000000,95534.00000000,93652.20000000,94580.00000000,94580.00000000,2690
2025-01-13,94450.00000000,96069.00000000,89005.80000000,94506.45000000,94506.45000000,18207
2025-01-14,94487.10000000,97451.00000000,94311.36000000,96534.96000000,96534.96000000,13099
2025-01-15,96534.97000000,100731.70000000,96400.00000000,100510.23000000,100510.23000000,16495
2025-01-16,100490.00000000,100880.00000000,97277.58000000,99981.78000000,99981.78000000,14729
2025-01-17,99976.70000000,105970.00000000,99937.81000000,104107.00000000,104107.00000000,25269
2025-01-18,104040.00000000,104960.00000000,102200.00000000,104435.00000000,104435.00000000,10139
2025-01-19,104382.00000000,106370.00000000,99518.00000000,101211.13000000,101211.13000000,18536
2025-01-20,101217.78000000,109590.00000000,99416.27000000,102145.43000000,102145.43000000,41376
2025-01-21,102142.10000000,107360.00000000,100051.00000000,106159.26000000,106159.26000000,23287
2025-01-22,106162.80000000,106431.34000000,103100.00000000,103667.11000000,103667.11000000,12633
2025-01-23,103202.35000000,107000.00000000,101200.01000000,103973.87000000,103973.87000000,36524
2025-01-24,103920.20000000,107200.00000000,102700.00000000,104850.27000000,104850.27000000,15234
2025-01-25,104840.40000000,105294.00000000,104100.00000000,104733.56000000,104733.56000000,4180
2025-01-26,104705.30000000,105478.80000000,102452.24000000,102563.00000000,102563.00000000,5848
2025-01-27,102565.28000000,103300.00000000,97688.70000000,102062.42000000,102062.42000000,28684
2025-01-28,102133.30000000,103850.00000000,100200.00000000,101299.80000000,101299.80000000,11696
2025-01-29,101774.62000000,104829.64000000,101356.10000000,103737.04000000,103737.04000000,15331
2025-01-30,103708.10000000,106520.00000000,103252.50000000,104742.64000000,104742.64000000,15357
2025-01-31,104742.63000000,106090.00000000,101500.00000000,102411.26000000,102411.26000000,15465
2025-02-01,102406.00000000,102790.00000000,100147.00000000,100623.85000000,100623.85000000,4839
2025-02-02,100690.00000000,101460.00000000,96100.00000000,97676.52000000,97676.52000000,15319
2025-02-03,97696.00000000,102599.85000000,91000.00000000,101416.34000000,101416.34000000,49133
2025-02-04,101460.15000000,101812.23000000,96127.00000000,97795.05000000,97795.05000000,18233
2025-02-05,97795.06000000,99230.49000000,96161.01000000,96638.33000000,96638.33000000,10627
2025-02-06,96613.40000000,99222.00000000,95664.60000000,96585.99000000,96585.99000000,15176
2025-02-07,96558.50000000,100235.79000000,95614.96000000,96537.08000000,96537.08000000,14747
2025-02-08,96536.93000000,96919.05000000,95656.90000000,96496.50000000,96496.50000000,3640
2025-02-09,96496.50000000,97366.00000000,94726.00000000,96493.39000000,96493.39000000,7010
2025-02-10,96473.00000000,98468.00000000,95194.70000000,97472.00000000,97472.00000000,9733
2025-02-11,97441.20000000,98645.00000000,94831.07000000,95774.08000000,95774.08000000,10167
2025-02-12,95767.10000000,98200.00000000,94066.92000000,97862.53000000,97862.53000000,12141
2025-02-13,97874.00000000,98166.00000000,95220.00000000,96625.29000000,96625.29000000,8808
2025-02-14,96628.00000000,98890.11000000,96268.56000000,97509.03000000,97509.03000000,9892
2025-02-15,97464.00000000,97997.85000000,97225.01000000,97596.94000000,97596.94000000,2047
2025-02-16,97588.20000000,97738.22000000,96057.68000000,96257.00000000,96257.00000000,2715
2025-02-17,96144.10000000,97163.00000000,95200.00000000,95781.80000000,95781.80000000,5190
2025-02-18,95772.80000000,96923.00000000,93333.00000000,95607.40000000,95607.40000000,12084
2025-02-19,95600.00000000,97056.00000000,94996.80000000,96632.03000000,96632.03000000,8795
2025-02-20,96632.03000000,98862.00000000,96405.70000000,98347.20000000,98347.20000000,12058
2025-02-21,98347.20000000,99574.00000000,94721.92000000,96157.03000000,96157.03000000,22158
2025-02-22,96099.50000000,97143.00000000,95767.95000000,96582.12000000,96582.12000000,7982
2025-02-23,96600.10000000,96767.00000000,95243.91000000,96303.40000000,96303.40000000,4328
2025-02-24,96303.40000000,96659.00000000,91300.00000000,91510.82000000,91510.82000000,16322
2025-02-25,91509.88000000,92833.00000000,85836.18000000,88583.74000000,88583.74000000,41774
2025-02-26,88583.17000000,89623.00000000,80525.00000000,84111.78000000,84111.78000000,31312
2025-02-27,84089.90000000,87320.00000000,82554.11000000,85007.00000000,85007.00000000,21525
2025-02-28,84668.40000000,85330.00000000,78167.81000000,84297.73000000,84297.73000000,39315
2025-03-01,84309.20000000,86819.00000000,83772.54000000,86018.76000000,86018.76000000,9483
2025-03-02,86020.80000000,95321.00000000,84500.10000000,94265.48000000,94265.48000000,24083
2025-03-03,94265.47000000,94633.00000000,85007.01000000,86161.10000000,86161.10000000,29529
2025-03-04,86144.70000000,89168.00000000,81434.50000000,87250.00000000,87250.00000000,30109
2025-03-05,87250.00000000,91262.00000000,86329.22000000,90603.73000000,90603.73000000,19533
2025-03-06,90610.40000000,92997.00000000,87790.50000000,89921.85000000,89921.85000000,16844
2025-03-07,89925.30000000,91454.00000000,84608.27000000,86756.98000000,86756.98000000,33084
2025-03-08,86762.30000000,87140.00000000,85200.00000000,86206.69000000,86206.69000000,4705
2025-03-09,86164.10000000,86823.00000000,80000.00000000,80952.00000000,80952.00000000,11163
2025-03-10,80708.21000000,84245.00000000,77389.00000000,78558.80000000,78558.80000000,27148
2025-03-11,78558.90000000,83820.00000000,76555.00000000,82914.51000000,82914.51000000,22831
2025-03-12,82900.00000000,84630.00000000,80572.21000000,83659.43000000,83659.43000000,16241
2025-03-13,83659.45000000,84494.00000000,79890.00000000,81073.43000000,81073.43000000,12923
2025-03-14,81112.30000000,85487.00000000,80771.17000000,84207.00000000,84207.00000000,14087
2025-03-15,83997.70000000,84911.00000000,83612.24000000,84351.46000000,84351.46000000,3214
2025-03-16,84351.45000000,85280.00000000,81969.44000000,82562.57000000,82562.57000000,5211
2025-03-17,82600.00000000,84920.00000000,82416.98000000,84011.40000000,84011.40000000,9639
2025-03-18,84015.20000000,84221.00000000,81125.00000000,82698.76000000,82698.76000000,10062
2025-03-19,82705.40000000,87189.00000000,82535.53000000,86877.96000000,86877.96000000,16382
2025-03-20,87030.00000000,87622.00000000,83596.75000000,84183.42000000,84183.42000000,12424
2025-03-21,84183.41000000,84945.00000000,83100.00000000,84061.96000000,84061.96000000,7581
2025-03-22,84034.30000000,84594.00000000,83659.69000000,83800.00000000,83800.00000000,2634
2025-03-23,83800.00000000,86288.00000000,83799.90000000,86092.94000000,86092.94000000,4229
2025-03-24,86076.50000000,88868.00000000,85533.06000000,87523.62000000,87523.62000000,15617
2025-03-25,87511.90000000,88651.00000000,86306.70000000,87427.88000000,87427.88000000,11981
2025-03-26,87432.82000000,88460.00000000,85850.00000000,86899.00000000,86899.00000000,9432
2025-03-27,86899.00000000,87934.00000000,85784.00000000,87217.48000000,87217.48000000,8122
2025-03-28,87209.90000000,87578.00000000,83530.10000000,84373.90000000,84373.90000000,13027
2025-03-29,84373.90000000,84779.00000000,81608.99000000,82613.80000000,82613.80000000,4888
2025-03-30,82866.00000000,83697.00000000,81538.88000000,82379.98000000,82379.98000000,4152
2025-03-31,82325.40000000,83998.00000000,81265.16000000,82534.32000000,82534.32000000,9345
2025-04-01,82523.00000000,85566.53000000,82403.32000000,85170.37000000,85170.37000000,11357
2025-04-02,85166.92000000,89042.70000000,82141.50000000,82490.08000000,82490.08000000,20950
2025-04-03,82517.00000000,83953.45000000,81177.70000000,83174.33000000,83174.33000000,14397
2025-04-04,83133.00000000,84720.67000000,81634.00000000,83860.16000000,83860.16000000,17315
2025-04-05,83859.78000000,84238.35000000,82346.61000000,83498.25000000,83498.25000000,3990
2025-04-06,83508.90000000,83807.00000000,77057.70000000,78370.75000000,78370.75000000,16022
2025-04-07,78364.80000000,81262.00000000,74409.10000000,79140.01000000,79140.01000000,34012
2025-04-08,79130.10000000,80901.00000000,76164.60000000,76251.64000000,76251.64000000,18116
2025-04-09,76276.50000000,83583.35000000,74553.01000000,82594.75000000,82594.75000000,30651
2025-04-10,82593.15000000,82730.93000000,78387.24000000,79552.34000000,79552.34000000,14945
2025-04-11,79552.34000000,84299.00000000,78888.00000000,83380.47000000,83380.47000000,13416
2025-04-12,83372.00000000,85909.97000000,82750.00000000,85271.01000000,85271.01000000,6082
2025-04-13,85284.10000000,86092.99000000,83000.00000000,83733.07000000,83733.07000000,5917
2025-04-14,83719.80000000,85818.06000000,83655.27000000,84590.36000000,84590.36000000,9838
2025-04-15,84530.70000000,86491.40000000,83592.77000000,83629.78000000,83629.78000000,8107
2025-04-16,83633.50000000,85526.40000000,83088.02000000,84028.72000000,84028.72000000,10405
2025-04-17,84027.50000000,85494.94000000,83650.00000000,84961.97000000,84961.97000000,7447
2025-04-18,84961.97000000,85150.94000000,84200.00000000,84472.50000000,84472.50000000,2867
2025-04-19,84472.50000000,85625.00000000,84311.00000000,85074.99000000,85074.99000000,2420
2025-04-20,85121.30000000,85319.21000000,83817.00000000,85177.34000000,85177.34000000,2606
2025-04-21,85177.33000000,88630.00000000,84940.00000000,87522.07000000,87522.07000000,15412
2025-04-22,87473.00000000,93952.62000000,87038.00000000,93472.00000000,93472.00000000,23462
2025-04-23,93486.57000000,94686.00000000,91902.19000000,93740.92000000,93740.92000000,15839
2025-04-24,93677.00000000,94061.02000000,91685.18000000,94021.96000000,94021.96000000,10740
2025-04-25,94000.00000000,95976.34000000,92880.01000000,94717.10000000,94717.10000000,17108
2025-04-26,94717.20000000,95273.52000000,93903.01000000,94666.64000000,94666.64000000,3060
2025-04-27,94663.50000000,95369.00000000,93621.50000000,93817.00000000,93817.00000000,3233
2025-04-28,93780.56000000,95652.66000000,92829.44000000,95042.57000000,95042.57000000,9943
2025-04-29,95042.56000000,95531.00000000,93761.26000000,94271.09000000,94271.09000000,8049
2025-04-30,94269.70000000,95285.00000000,92911.88000000,94182.54000000,94182.54000000,8734
2025-05-01,94182.55000000,97546.99000000,94136.79000000,96524.98000000,96524.98000000,10496
2025-05-02,96524.98000000,97948.56000000,96369.69000000,96929.81000000,96929.81000000,7256
2025-05-03,96920.70000000,96974.78000000,95765.13000000,95861.33000000,95861.33000000,3766
2025-05-04,95869.90000000,96439.00000000,94151.67000000,94272.55000000,94272.55000000,6520
2025-05-05,94303.10000000,95407.00000000,93500.01000000,94733.99000000,94733.99000000,8648
2025-05-06,94733.99000000,96999.00000000,93363.28000000,96839.17000000,96839.17000000,8001
2025-05-07,96843.84000000,97840.00000000,95800.00000000,97058.32000000,97058.32000000,10147
2025-05-08,97031.40000000,104190.00000000,96874.90000000,103228.00000000,103228.00000000,19616
2025-05-09,103228.00000000,104352.60000000,102330.00000000,102976.90000000,102976.90000000,9427
2025-05-10,102977.00000000,104997.00000000,102800.00000000,104821.19000000,104821.19000000,4484
2025-05-11,104817.83000000,104980.89000000,103310.00000000,104137.62000000,104137.62000000,4506
2025-05-12,104119.00000000,105787.37000000,100703.71000000,102825.00000000,102825.00000000,13628
2025-05-13,102825.10000000,105038.53000000,101447.78000000,104156.70000000,104156.70000000,10200
2025-05-14,104156.80000000,104373.00000000,102510.00000000,103545.38000000,103545.38000000,8846
2025-05-15,103540.91000000,104200.00000000,101400.01000000,103786.43000000,103786.43000000,8892
2025-05-16,103786.40000000,104616.71000000,103100.00000000,103500.03000000,103500.03000000,8000
2025-05-17,103500.10000000,103741.98000000,102612.00000000,103161.07000000,103161.07000000,2432
2025-05-18,103169.10000000,106692.97000000,103130.95000000,106473.46000000,106473.46000000,6572
2025-05-19,106525.60000000,107137.68000000,102010.00000000,105616.18000000,105616.18000000,12786
2025-05-20,105637.70000000,107355.00000000,104120.00000000,106883.24000000,106883.24000000,11210
2025-05-21,106883.24000000,110788.98000000,106020.00000000,109699.54000000,109699.54000000,22528
2025-05-22,109697.19000000,112000.00000000,109217.23000000,111722.53000000,111722.53000000,14162
2025-05-23,111722.54000000,111824.07000000,106710.00000000,107329.61000000,107329.61000000,13113
2025-05-24,107332.08000000,109517.79000000,106750.00000000,107794.01000000,107794.01000000,3988
2025-05-25,107824.20000000,109371.04000000,106400.00000000,109048.68000000,109048.68000000,4045
2025-05-26,109040.40000000,110474.41000000,108550.00000000,109464.32000000,109464.32000000,6432
2025-05-27,109468.60000000,110829.42000000,107510.00000000,109004.90000000,109004.90000000,10567
2025-05-28,109004.90000000,109344.89000000,106750.00000000,107811.70000000,107811.70000000,8164
2025-05-29,107811.70000000,108943.35000000,105300.00000000,105590.00000000,105590.00000000,11474
2025-05-30,105632.50000000,106377.66000000,103460.00000000,104033.26000000,104033.26000000,9702
2025-05-31,104033.00000000,104965.50000000,103110.00000000,104645.87000000,104645.87000000,3105
2025-06-01,104662.00000000,105937.46000000,103790.00000000,105697.94000000,105697.94000000,3084
2025-06-02,105712.40000000,106000.00000000,103670.00000000,105904.94000000,105904.94000000,7103
2025-06-03,105920.40000000,106901.68000000,104880.00000000,105447.82000000,105447.82000000,7583
2025-06-04,105446.00000000,106058.47000000,104202.00000000,104753.38000000,104753.38000000,5334
2025-06-05,104745.40000000,105999.68000000,100345.73000000,101570.20000000,101570.20000000,14274
2025-06-06,101579.70000000,105439.01000000,101132.91000000,104397.99000000,104397.99000000,11108
2025-06-07,104376.00000000,106000.00000000,103969.70000000,105619.02000000,105619.02000000,4739
2025-06-08,105619.02000000,106550.00000000,105028.30000000,105784.40000000,105784.40000000,2672
2025-06-09,105754.20000000,110680.00000000,105368.27000000,110301.15000000,110301.15000000,8185
2025-06-10,110280.00000000,110420.08000000,108310.00000000,110300.24000000,110300.24000000,6908
2025-06-11,110273.60000000,110435.05000000,108010.00000000,108669.37000000,108669.37000000,5792
2025-06-12,108701.90000000,108853.74000000,105700.00000000,105700.00000000,105700.00000000,7492
2025-06-13,105760.10000000,106250.00000000,102660.00000000,106118.70000000,106118.70000000,10185
2025-06-14,106122.30000000,106264.36000000,104351.72000000,105465.42000000,105465.42000000,2989
2025-06-15,105465.42000000,106260.00000000,104505.05000000,105581.40000000,105581.40000000,2407
2025-06-16,105581.50000000,109030.00000000,104982.26000000,106853.38000000,106853.38000000,7450
2025-06-17,106800.10000000,107792.90000000,103363.30000000,104622.40000000,104622.40000000,9802
2025-06-18,104622.50000000,105660.00000000,103512.38000000,104915.60000000,104915.60000000,6779
2025-06-19,104891.90000000,105340.00000000,103916.37000000,104671.90000000,104671.90000000,3858
2025-06-20,104675.20000000,106580.00000000,102357.25000000,103317.80000000,103317.80000000,6826
2025-06-21,103300.00000000,104120.00000000,100919.19000000,102160.03000000,102160.03000000,4955
2025-06-22,102153.00000000,103470.00000000,98225.01000000,100996.87000000,100996.87000000,12348
2025-06-23,100987.90000000,106210.00000000,99677.07000000,105382.00000000,105382.00000000,12561
2025-06-24,105418.40000000,106366.29000000,104681.83000000,106141.00000000,106141.00000000,7512
2025-06-25,106100.00000000,108206.00000000,105875.00000000,107400.22000000,107400.22000000,8948
2025-06-26,107360.00000000,108345.00000000,106520.00000000,107029.64000000,107029.64000000,5888
2025-06-27,107029.63000000,107804.20000000,106370.00000000,107113.38000000,107113.38000000,7104
2025-06-28,107119.17000000,107599.81000000,106868.94000000,107352.20000000,107352.20000000,1768
2025-06-29,107325.10000000,108590.00000000,107220.00000000,108387.20000000,108387.20000000,2734
2025-06-30,108387.30000000,108800.00000000,106724.76000000,107173.21000000,107173.21000000,6720
2025-07-01,107120.30000000,107620.00000000,105262.00000000,105920.00000000,105920.00000000,8033
2025-07-02,105700.10000000,109900.00000000,105116.40000000,108888.32000000,108888.32000000,9856
2025-07-03,108846.90000000,110700.00000000,108574.31000000,109631.00000000,109631.00000000,7810
2025-07-04,109631.00000000,109910.00000000,107268.84000000,108028.60000000,108028.60000000,4084
2025-07-05,108018.90000000,108540.00000000,107783.10000000,108246.65000000,108246.65000000,1717
2025-07-06,108249.50000000,109860.00000000,107825.20000000,109217.98000000,109217.98000000,2234
2025-07-07,109223.20000000,109830.00000000,107507.00000000,108269.84000000,108269.84000000,5294
2025-07-08,108282.10000000,109340.00000000,107438.33000000,108931.90000000,108931.90000000,4618
2025-07-09,108932.00000000,112152.91000000,108329.87000000,111282.85000000,111282.85000000,9570
2025-07-10,111323.70000000,117430.00000000,110541.87000000,116031.30000000,116031.30000000,16669
2025-07-11,116031.29000000,118909.74000000,115211.74000000,117582.16000000,117582.16000000,12321
2025-07-12,117532.60000000,118244.51000000,116720.00000000,117472.65000000,117472.65000000,2968
2025-07-13,117461.00000000,119500.00000000,117120.00000000,119130.81000000,119130.81000000,4549
2025-07-14,119130.81000000,123231.07000000,118790.00000000,119863.71000000,119863.71000000,16278
2025-07-15,119855.00000000,119973.30000000,115697.37000000,117781.64000000,117781.64000000,26521
2025-07-16,117741.00000000,120134.80000000,117033.23000000,118681.68000000,118681.68000000,10624
2025-07-17,118681.67000000,121050.00000000,117469.00000000,119273.69000000,119273.69000000,8760
2025-07-18,119250.00000000,120920.00000000,116930.00000000,118000.00000000,118000.00000000,241
2025-07-19,118011.90000000,118564.59000000,117300.00000000,117914.17000000,117914.17000000,2062
2025-07-20,117909.10000000,118921.76000000,116410.00000000,117312.70000000,117312.70000000,3250
2025-07-21,117319.00000000,119745.93000000,116550.00000000,117428.79000000,117428.79000000,6766
2025-07-22,117461.00000000,120300.00000000,116150.00000000,120026.42000000,120026.42000000,9150
2025-07-23,119977.50000000,120180.93000000,117342.21000000,118810.44000000,118810.44000000,7088
2025-07-24,118735.30000000,119590.00000000,117190.00000000,118397.04000000,118397.04000000,8297
2025-07-25,118400.00000000,118520.00000000,114733.10000000,117633.27000000,117633.27000000,26595
2025-07-26,117628.10000000,118430.00000000,117095.73000000,117937.50000000,117937.50000000,7525
2025-07-27,117937.60000000,119870.00000000,117849.99000000,119465.52000000,119465.52000000,5719
2025-07-28,119455.10000000,119900.00000000,117380.60000000,117979.70000000,117979.70000000,8778
2025-07-29,117979.70000000,119410.00000000,116900.00000000,117933.39000000,117933.39000000,7347
2025-07-30,117916.90000000,118930.00000000,115728.49000000,117830.15000000,117830.15000000,6108
2025-07-31,117820.70000000,119100.00000000,115500.00000000,115761.13000000,115761.13000000,6199
2025-08-01,115762.40000000,116270.00000000,112659.00000000,113248.73000000,113248.73000000,12030
2025-08-02,113290.10000000,114260.00000000,112000.00000000,112525.20000000,112525.20000000,4215
2025-08-03,112525.20000000,114980.00000000,111897.10000000,114215.70000000,114215.70000000,4719
2025-08-04,114215.70000000,115810.00000000,114118.18000000,115051.85000000,115051.85000000,5955
2025-08-05,115092.10000000,115220.00000000,112622.14000000,114180.00000000,114180.00000000,6251
2025-08-06,114112.95000000,115870.00000000,113347.87000000,115028.83000000,115028.83000000,5722
2025-08-07,115010.00000000,117800.00000000,114268.60000000,117515.49000000,117515.49000000,7089
2025-08-08,117498.10000000,117900.00000000,115800.00000000,116683.79000000,116683.79000000,6270
2025-08-09,116676.00000000,117950.00000000,116282.10000000,116492.51000000,116492.51000000,3321
2025-08-10,116467.40000000,119430.00000000,116467.30000000,119309.37000000,119309.37000000,4204
2025-08-11,119288.40000000,122370.00000000,118050.00000000,118701.84000000,118701.84000000,9635
2025-08-12,118724.50000000,120327.00000000,118190.81000000,120113.18000000,120113.18000000,5945
2025-08-13,120090.00000000,123380.00000000,118890.00000000,123320.00000000,123320.00000000,617
2025-08-14,123320.00000000,123640.00000000,117190.00000000,118410.00000000,118410.00000000,401
2025-08-15,118383.10000000,119360.00000000,116560.90000000,117436.96000000,117436.96000000,6448
2025-08-16,117426.70000000,118070.00000000,117222.01000000,117455.68000000,117455.68000000,2193
2025-08-17,117487.50000000,118680.00000000,117249.49000000,117488.60000000,117488.60000000,2590
2025-08-18,117441.30000000,117640.00000000,114715.90000000,116260.00000000,116260.00000000,1961
2025-08-19,116430.00000000,116920.00000000,112696.56000000,112856.19000000,112856.19000000,9528
2025-08-20,112830.40000000,114890.00000000,112344.11000000,114276.00000000,114276.00000000,7741
2025-08-21,114273.80000000,115020.00000000,111964.00000000,112480.30000000,112480.30000000,7579
2025-08-22,112480.29000000,117570.00000000,111649.75000000,116908.68000000,116908.68000000,9343
2025-08-23,116817.90000000,117150.00000000,114505.00000000,115383.87000000,115383.87000000,3066
2025-08-24,115383.87000000,115810.00000000,110635.00000000,113478.00000000,113478.00000000,5068
2025-08-25,113730.00000000,113880.00000000,109550.00000000,110360.00000000,110360.00000000,920
2025-08-26,110127.74000000,112570.00000000,108670.00000000,111788.01000000,111788.01000000,8276
2025-08-27,112010.00000000,112850.00000000,110600.00000000,111470.00000000,111470.00000000,399
2025-08-28,111450.00000000,113630.00000000,111120.00000000,112740.00000000,112740.00000000,253
2025-08-29,112574.84000000,112790.00000000,107469.13000000,108378.32000000,108378.32000000,8436
2025-08-30,108378.32000000,109120.00000000,107352.60000000,108750.00000000,108750.00000000,4152
2025-08-31,108750.00000000,109680.00000000,108060.79000000,108247.95000000,108247.95000000,3759
2025-09-01,108247.95000000,110010.00000000,107250.00000000,109240.55000000,109240.55000000,5869
2025-09-02,109258.50000000,111930.00000000,108457.00000000,111196.90000000,111196.90000000,2170
2025-09-03,111196.90000000,112720.00000000,110533.77000000,111756.41000000,111756.41000000,6760
2025-09-04,111771.10000000,112330.00000000,109321.00000000,110720.79000000,110720.79000000,6516
2025-09-05,110744.40000000,113520.00000000,110202.36000000,110670.02000000,110670.02000000,9020
2025-09-06,110647.80000000,111317.65000000,109993.00000000,110212.60000000,110212.60000000,2768
2025-09-07,110254.90000000,111610.00000000,110200.01000000,111129.61000000,111129.61000000,2199
2025-09-08,111152.80000000,112940.84000000,110600.00000000,112072.57000000,112072.57000000,6224
2025-09-09,112050.10000000,113292.96000000,110740.00000000,111549.32000000,111549.32000000,6803
2025-09-10,111541.00000000,114362.10000000,110919.55000000,113983.97000000,113983.97000000,9984
2025-09-11,113983.98000000,115554.53000000,113400.00000000,115540.00000000,115540.00000000,7361
2025-09-12,115500.00000000,116833.25000000,114690.00000000,116106.03000000,116106.03000000,8364
2025-09-13,116106.03000000,116378.04000000,115060.00000000,115968.35000000,115968.35000000,2269
2025-09-14,115949.10000000,116226.61000000,115166.00000000,115314.13000000,115314.13000000,2850
2025-09-15,115390.60000000,116970.00000000,114158.20000000,115381.08000000,115381.08000000,7997
2025-09-16,115375.00000000,117120.00000000,114750.00000000,116764.20000000,116764.20000000,7306
2025-09-17,116764.20000000,117360.00000000,114724.57000000,116469.00000000,116469.00000000,8975
2025-09-18,116469.10000000,118000.00000000,116125.08000000,117117.99000000,117117.99000000,8842
2025-09-19,117117.99000000,117516.36000000,115132.71000000,115690.55000000,115690.55000000,7209
2025-09-20,115690.55000000,116300.00000000,115463.22000000,115739.10000000,115739.10000000,3049
2025-09-21,115739.10000000,115970.00000000,115237.16000000,115282.27000000,115282.27000000,2594
2025-09-22,115299.00000000,115550.00000000,111730.30000000,112736.59000000,112736.59000000,11535
2025-09-23,112747.80000000,113490.00000000,111502.08000000,112017.21000000,112017.21000000,6305
2025-09-24,112001.50000000,114210.00000000,111066.07000000,113348.17000000,113348.17000000,6452
2025-09-25,113300.00000000,113710.00000000,108623.70000000,109035.72000000,109035.72000000,12367
2025-09-26,109049.80000000,110520.00000000,108645.02000000,109697.29000000,109697.29000000,9592
2025-09-27,109706.40000000,110010.00000000,109116.00000000,109681.16000000,109681.16000000,3029
2025-09-28,109720.50000000,112620.00000000,109225.40000000,112197.67000000,112197.67000000,3937
2025-09-29,112127.80000000,114640.00000000,111582.65000000,114365.20000000,114365.20000000,6985
2025-09-30,114365.30000000,114990.00000000,112764.30000000,113995.00000000,113995.00000000,1625
2025-10-01,113995.00000000,118810.00000000,113950.00000000,118659.97000000,118659.97000000,12048
2025-10-02,118600.00000000,121111.00000000,118336.01000000,120621.32000000,120621.32000000,11366
2025-10-03,120650.00000000,123996.81000000,119327.83000000,122318.40000000,122318.40000000,14502
2025-10-04,122259.50000000,122896.00000000,121560.00000000,122458.56000000,122458.56000000,3595
2025-10-05,122458.55000000,125750.00000000,122130.00000000,123520.79000000,123520.79000000,8271
2025-10-06,123520.80000000,126296.00000000,123115.77000000,124720.09000000,124720.09000000,12340
2025-10-07,124765.90000000,125226.34000000,120636.00000000,121393.95000000,121393.95000000,11381
2025-10-08,121393.96000000,124254.31000000,121090.06000000,123343.25000000,123343.25000000,8170
2025-10-09,123329.80000000,123822.08000000,119600.00000000,121714.51000000,121714.51000000,9426
2025-10-10,121760.00000000,122670.00000000,103310.00000000,113080.00000000,113080.00000000,2484
2025-10-11,112976.01000000,113720.00000000,109683.96000000,110768.89000000,110768.89000000,13605
2025-10-12,110775.20000000,116000.00000000,109687.46000000,115067.98000000,115067.98000000,12760
2025-10-13,115125.30000000,116130.00000000,113700.27000000,115274.03000000,115274.03000000,10823
2025-10-14,115176.90000000,115630.00000000,109945.86000000,113260.00000000,113260.00000000,17161
2025-10-15,113106.30000000,113830.00000000,110185.87000000,110781.90000000,110781.90000000,9952
2025-10-16,110781.90000000,112150.00000000,107464.53000000,108198.00000000,108198.00000000,19408
2025-10-17,108182.30000000,109480.00000000,103516.75000000,106463.30000000,106463.30000000,19153
2025-10-18,106462.09000000,107720.00000000,106357.69000000,107199.00000000,107199.00000000,4863
2025-10-19,107199.00000000,109680.00000000,106091.25000000,108676.78000000,108676.78000000,6885
2025-10-20,108669.80000000,111870.00000000,107449.91000000,110574.40000000,110574.40000000,9584
2025-10-21,110574.40000000,114150.00000000,107444.60000000,108362.27000000,108362.27000000,16828
2025-10-22,108406.10000000,109188.27000000,106639.00000000,107644.10000000,107644.10000000,12948
2025-10-23,107588.02000000,111342.60000000,107511.46000000,110080.00000000,110080.00000000,9207
2025-10-24,110080.00000000,112400.00000000,109725.51000000,111000.00000000,111000.00000000,8267
2025-10-25,111000.00000000,111968.52000000,110693.01000000,111666.21000000,111666.21000000,2215
2025-10-26,111645.20000000,115542.00000000,111260.00000000,114548.09000000,114548.09000000,5381
2025-10-27,114561.69000000,116500.00000000,113800.00000000,114087.06000000,114087.06000000,7100
2025-10-28,114087.06000000,116114.13000000,112203.00000000,112918.00000000,112918.00000000,7316
2025-10-29,112918.00000000,113770.00000000,109000.00000000,110104.20000000,110104.20000000,9440
2025-10-30,110104.20000000,111720.00000000,106279.33000000,108308.18000000,108308.18000000,13303
2025-10-31,108302.70000000,111270.00000000,108266.11000000,109552.70000000,109552.70000000,9289
2025-11-01,109555.63000000,110750.00000000,109342.47000000,110018.00000000,110018.00000000,2701
2025-11-02,110052.25000000,111420.00000000,108800.00000000,110589.60000000,110589.60000000,5613
2025-11-03,110589.60000000,110850.00000000,105200.20000000,106538.30000000,106538.30000000,4918
2025-11-04,106770.00000000,107460.00000000,99045.00000000,101560.00000000,101560.00000000,2298
2025-11-05,101537.20000000,104580.00000000,98943.90000000,103900.00000000,103900.00000000,3151
2025-11-06,103900.00000000,104300.00000000,100266.00000000,101290.10000000,101290.10000000,2603
2025-11-07,101290.10000000,104100.00000000,99170.00000000,103284.27000000,103284.27000000,15875
2025-11-08,103279.90000000,103390.00000000,101422.74000000,102285.57000000,102285.57000000,5732
2025-11-09,102282.10000000,105500.00000000,101372.58000000,104694.95000000,104694.95000000,7373
2025-11-10,104694.23000000,106653.00000000,104240.76000000,105973.30000000,105973.30000000,9735
2025-11-11,105979.38000000,107500.00000000,102422.43000000,103011.50000000,103011.50000000,8823
2025-11-12,103230.00000000,105370.00000000,100870.00000000,101740.00000000,101740.00000000,1185
2025-11-13,101666.70000000,104000.00000000,98000.00000000,99680.10000000,99680.10000000,4057
2025-11-14,99680.10000000,99920.00000000,94000.00000000,94517.30000000,94517.30000000,8531
2025-11-15,94500.10000000,96930.00000000,94478.50000000,95537.90000000,95537.90000000,1870
2025-11-16,95538.00000000,96711.00000000,92890.60000000,94190.10000000,94190.10000000,3874
2025-11-17,94601.00000000,96219.00000000,91762.00000000,92541.00000000,92541.00000000,3377
2025-11-18,92101.30000000,93989.00000000,89251.90000000,93193.00000000,93193.00000000,6156
2025-11-19,92966.10000000,93186.00000000,88547.00000000,91427.70000000,91427.70000000,6641
2025-11-20,91427.70000000,93125.00000000,86000.00000000,86821.00000000,86821.00000000,7166
2025-11-21,86791.00000000,87650.00000000,80822.00000000,85314.00000000,85314.00000000,2977
2025-11-22,85069.40000000,85766.00000000,83432.80000000,84679.90000000,84679.90000000,9417
2025-11-23,84679.90000000,88290.00000000,84614.11000000,86808.28000000,86808.28000000,13247
2025-11-24,86777.50000000,89349.00000000,85250.00000000,88275.00000000,88275.00000000,3651
2025-11-25,88275.00000000,88628.00000000,86100.00000000,87326.30000000,87326.30000000,2526
2025-11-26,87326.40000000,90684.00000000,86299.50000000,90535.70000000,90535.70000000,2964
2025-11-27,90535.70000000,91990.00000000,90067.81000000,91316.70000000,91316.70000000,10126
2025-11-28,91281.40000000,93161.86000000,90220.50000000,90902.70000000,90902.70000000,11793
2025-11-29,90912.70000000,91250.00000000,90200.00000000,90828.06000000,90828.06000000,3566
2025-11-30,90829.68000000,92000.00000000,90351.00000000,90369.51000000,90369.51000000,4220
2025-12-01,90373.90000000,90459.00000000,83870.80000000,86447.00000000,86447.00000000,5688
2025-12-02,86300.00000000,92340.00000000,86203.80000000,91313.50000000,91313.50000000,3375
2025-12-03,91313.50000000,94449.00000000,91033.40000000,93457.90000000,93457.90000000,3112
2025-12-04,93458.00000000,94100.00000000,90904.73000000,92093.54000000,92093.54000000,8193
2025-12-05,92142.60000000,92744.00000000,88095.20000000,89345.29000000,89345.29000000,10372
2025-12-06,89332.40000000,90296.32000000,88932.00000000,89267.97000000,89267.97000000,3692
2025-12-07,89240.10000000,91783.00000000,87733.18000000,90402.29000000,90402.29000000,5615
2025-12-08,90435.10000000,92283.00000000,89615.80000000,90650.10000000,90650.10000000,2236
2025-12-09,90650.10000000,94665.00000000,89545.10000000,92753.00000000,92753.00000000,3083
2025-12-10,92702.20000000,94489.00000000,91599.00000000,92019.80000000,92019.80000000,2663
2025-12-11,92019.80000000,93561.80000000,89245.00000000,92541.00000000,92541.00000000,3025
2025-12-12,92541.00000000,92791.26000000,89500.00000000,90278.00000000,90278.00000000,8234
2025-12-13,90277.20000000,90671.00000000,89777.79000000,90254.10000000,90254.10000000,1986
2025-12-14,90254.20000000,90530.00000000,87565.38000000,88171.61000000,88171.61000000,5189
2025-12-15,88163.00000000,90038.80000000,85151.50000000,86434.30000000,86434.30000000,3373
2025-12-16,86434.30000000,88262.00000000,85263.60000000,87840.70000000,87840.70000000,2858
2025-12-17,87840.70000000,90427.00000000,85282.20000000,86396.00000000,86396.00000000,5035
2025-12-18,86205.50000000,89550.00000000,84421.40000000,85462.50000000,85462.50000000,5255
2025-12-19,85461.00000000,89500.00000000,85077.00000000,88105.20000000,88105.20000000,4208
2025-12-20,88105.20000000,88692.00000000,87780.00000000,88456.00000000,88456.00000000,2853
2025-12-21,88338.10000000,89172.00000000,87501.01000000,88639.95000000,88639.95000000,3759
2025-12-22,88623.70000000,90606.00000000,87863.60000000,88655.00000000,88655.00000000,3658
2025-12-23,88653.00000000,88989.00000000,86553.30000000,87503.00000000,87503.00000000,2890
2025-12-24,87416.40000000,88094.00000000,86271.40000000,87613.70000000,87613.70000000,2469
2025-12-25,87613.70000000,88615.00000000,86899.00000000,87171.68000000,87171.68000000,3817
2025-12-26,87183.00000000,89568.00000000,86611.70000000,87303.60000000,87303.60000000,3019
2025-12-27,87303.60000000,88080.00000000,86944.24000000,87808.00000000,87808.00000000,2534
2025-12-28,87814.40000000,88174.00000000,87349.52000000,87877.29000000,87877.29000000,2822
2025-12-29,87865.90000000,90401.00000000,86700.00000000,87228.00000000,87228.00000000,4214
2025-12-30,87135.10000000,89444.00000000,86736.50000000,88401.90000000,88401.90000000,2444
2025-12-31,88400.10000000,89243.00000000,87101.50000000,87500.10000000,87500.10000000,2193
2026-01-01,87497.95000000,88946.00000000,87361.74000000,88731.80000000,88731.80000000,3727
2026-01-02,88730.00000000,90949.00000000,88273.30000000,90006.00000000,90006.00000000,2933
2026-01-03,89934.00000000,90688.00000000,89300.00000000,90590.10000000,90590.10000000,1585
2026-01-04,90593.00000000,91756.00000000,90593.00000000,91456.00000000,91456.00000000,961
2026-01-05,91463.00000000,94665.00000000,91419.00000000,93756.00000000,93756.00000000,1457
2026-01-06,93866.90000000,94439.63000000,91164.00000000,93722.01000000,93722.01000000,13406
2026-01-07,93711.80000000,93722.01000000,90576.24000000,91279.73000000,91279.73000000,11805
2026-01-08,91279.73000000,91677.00000000,89200.00000000,91029.10000000,91029.10000000,12511
2026-01-09,91024.01000000,92000.00000000,89583.58000000,90515.45000000,90515.45000000,11519
2026-01-10,90513.30000000,90833.00000000,90251.43000000,90385.54000000,90385.54000000,2166
2026-01-11,90375.20000000,91263.00000000,90100.00000000,90872.01000000,90872.01000000,3041
2026-01-12,90861.10000000,92493.00000000,89995.20000000,91190.90000000,91190.90000000,3385
2026-01-13,91191.00000000,96476.10000000,90938.20000000,95259.00000000,95259.00000000,4721
2026-01-14,95385.59000000,97963.62000000,94249.00000000,96934.01000000,96934.01000000,34638
2026-01-15,96954.02000000,97191.10000000,95054.00000000,95511.00000000,95511.00000000,19031
2026-01-16,95578.20000000,95850.20000000,94199.00000000,95535.00000000,95535.00000000,12110
2026-01-17,95510.30000000,95714.00000000,94952.00000000,95098.45000000,95098.45000000,3467
2026-01-18,95152.30000000,95524.00000000,93554.60000000,93656.01000000,93656.01000000,5656
2026-01-19,93682.70000000,93682.70000000,91866.00000000,92555.00000000,92555.00000000,11267
2026-01-20,92559.65000000,92859.90000000,87767.53000000,88324.29000000,88324.29000000,21898
2026-01-21,88309.90000000,91111.70000000,87156.00000000,89376.00000000,89376.00000000,25012
2026-01-22,89372.90000000,90395.00000000,88408.65000000,89466.44000000,89466.44000000,13002
2026-01-23,89454.20000000,91236.80000000,88440.65000000,89496.23000000,89496.23000000,14779
2026-01-24,89474.94000000,89966.00000000,89007.01000000,89068.01000000,89068.01000000,4343
2026-01-25,89225.50000000,89329.70000000,86000.00000000,86554.84000000,86554.84000000,13684
2026-01-26,86681.40000000,88902.00000000,86411.70000000,88470.00000000,88470.00000000,15979
2026-01-27,88247.40000000,89582.00000000,87180.01000000,89124.07000000,89124.07000000,12657
2026-01-28,89124.10000000,90600.00000000,88706.32000000,89107.50000000,89107.50000000,12401
2026-01-29,89159.70000000,89343.00000000,83216.21000000,84562.03000000,84562.03000000,27214
2026-01-30,84513.20000000,84759.00000000,81000.10000000,84121.00000000,84121.00000000,28904
2026-01-31,84124.70000000,84271.40000000,75555.00000000,78772.00000000,78772.00000000,29706
2026-02-01,78648.40000000,79503.00000000,75612.75000000,77072.00000000,77072.00000000,24188
2026-02-02,76888.00000000,79450.00000000,74502.21000000,78683.50000000,78683.50000000,39545
2026-02-03,78669.20000000,79285.00000000,72859.00000000,75646.00000000,75646.00000000,35427
2026-02-04,75662.00000000,77078.00000000,71703.72000000,73258.00000000,73258.00000000,37869
2026-02-05,73281.00000000,73443.00000000,62181.65000000,62683.00000000,62683.00000000,84572
2026-02-06,62788.28000000,71822.00000000,59930.00000000,70542.36000000,70542.36000000,72816
2026-02-07,70585.40000000,71788.00000000,67293.26000000,69289.00000000,69289.00000000,23840
2026-02-08,69250.00000000,72310.90000000,68840.83000000,70247.58000000,70247.58000000,16396
2026-02-09,70279.32000000,71494.00000000,68233.01000000,70138.00000000,70138.00000000,28301
2026-02-10,70101.98000000,70565.00000000,67857.00000000,68899.00000000,68899.00000000,22145
2026-02-11,68803.65000000,69357.00000000,65702.95000000,66982.01000000,66982.01000000,29048
2026-02-12,67039.60000000,68458.00000000,65065.47000000,66203.02000000,66203.02000000,24852
2026-02-13,66207.00000000,69550.00000000,65799.71000000,68846.03000000,68846.03000000,21703
2026-02-14,68812.00000000,70590.00000000,68697.63000000,69770.00000000,69770.00000000,12362
2026-02-15,69786.96000000,71032.00000000,68020.00000000,68785.00000000,68785.00000000,13167
2026-02-16,68792.00000000,70222.00000000,67251.81000000,68840.87000000,68840.87000000,14688
2026-02-17,68860.00000000,69334.00000000,66557.00000000,67479.22000000,67479.22000000,18235
2026-02-18,67466.70000000,68561.00000000,65812.57000000,66428.00000000,66428.00000000,20480
2026-02-19,66419.79000000,67402.00000000,65604.63000000,66969.96000000,66969.96000000,18364
2026-02-20,66955.30000000,68390.00000000,66427.23000000,68004.00000000,68004.00000000,24527
2026-02-21,67998.20000000,68762.00000000,67516.93000000,68051.00000000,68051.00000000,8264
2026-02-22,67955.78000000,68277.00000000,67132.81000000,67645.10000000,67645.10000000,8215
2026-02-23,67612.00000000,67750.00000000,63855.00000000,64603.55000000,64603.55000000,35176
2026-02-24,64625.78000000,65094.00000000,62500.00000000,64150.00000000,64150.00000000,29330
2026-02-25,64062.00000000,70171.00000000,63912.25000000,68044.00000000,68044.00000000,40067
