Date,Open,High,Low,Close,Adj Close,Volume
2025-10-08,54.24000168,55.00999832,53.90000153,54.66999817,54.66999817,1589600
2025-10-09,54.68000031,54.68000031,53.00999832,53.61999893,53.61999893,1572800
2025-10-10,54.04999924,54.30500031,51.31999969,51.61999893,51.61999893,4028600
2025-10-13,50.66999817,51.36500168,50.40000153,51.31999969,51.31999969,3370400
2025-10-14,49.04000092,50.31000137,48.65499878,49.88000107,49.88000107,2134600
2025-10-15,49.36999893,49.72499847,48.76499939,49.27000046,49.27000046,2068700
2025-10-16,49.22999954,49.36999893,47.61000061,47.93999863,47.93999863,3610800
2025-10-17,46.75999832,47.59999847,46.27999878,47.13999939,47.13999939,3442600
2025-10-20,49.02999878,49.49000168,48.65000153,49.09999847,49.09999847,1739900
2025-10-21,48.13999939,50.52999878,47.90000153,49.50000000,49.50000000,3737600
2025-10-22,47.91999817,48.31999969,47.59000015,47.70999908,47.70999908,2441300
2025-10-23,48.33000183,49.31000137,48.15000153,48.81000137,48.81000137,1123300
2025-10-24,49.25000000,49.31999969,48.59999847,48.99000168,48.99000168,1291700
2025-10-27,50.97000122,51.27500153,50.68999863,50.90000153,50.90000153,994600
2025-10-28,50.93000031,51.43000031,50.25999832,50.31000137,50.31000137,1215700
2025-10-29,50.29000092,50.31000137,48.36000061,48.97000122,48.97000122,2584400
2025-10-30,48.02000046,48.04999924,47.03499985,47.11999893,47.11999893,3098100
2025-10-31,48.63000107,49.15999985,48.06999969,48.61999893,48.61999893,2001300
2025-11-03,47.59999847,47.88600159,46.63000107,47.20000076,47.20000076,2343900
2025-11-04,45.93999863,46.40000153,44.06999969,44.56999969,44.56999969,3700000
2025-11-05,45.45000076,46.31000137,45.22999954,45.97999954,45.97999954,1864700
2025-11-06,45.58000183,45.58000183,44.40000153,44.65999985,44.65999985,1957400
2025-11-07,44.34999847,45.99000168,44.00999832,45.95000076,45.95000076,2403800
2025-11-10,47.00999832,47.06999969,46.34000015,46.93000031,46.93000031,1761800
2025-11-11,46.27999878,46.34000015,45.44499969,45.50000000,45.50000000,1024200
2025-11-12,46.38999939,46.44499969,44.63000107,44.93999863,44.93999863,1708700
2025-11-13,45.33000183,45.79000092,43.31999969,43.36000061,43.36000061,2543900
2025-11-14,42.18000031,43.11000061,41.65000153,41.72000122,41.72000122,3488400
2025-11-17,41.65000153,42.47999954,40.34000015,40.65000153,40.65000153,3304500
2025-11-18,40.59999847,41.52000046,40.24000168,41.06999969,41.06999969,2343800
2025-11-19,40.34999847,40.88999939,39.16500092,39.56999969,39.56999969,2964700
2025-11-20,40.43000031,40.52999878,38.04000092,38.20999908,38.20999908,2812700
2025-11-21,37.00999832,37.86000061,36.41999817,37.43999863,37.43999863,7357400
2025-11-24,38.00000000,39.50999832,37.70000076,39.45999908,39.45999908,2684600
2025-11-25,38.59000015,39.00000000,38.11000061,38.66999817,38.66999817,3989500
2025-11-26,38.63000107,40.02999878,38.36000061,39.81999969,39.81999969,2479800
2025-11-28,41.18000031,41.22000122,39.96500015,40.16999817,40.16999817,1517900
2025-12-01,38.20000076,38.37500000,37.10599899,37.84999847,37.84999847,2447200
2025-12-02,39.25999832,40.87500000,39.13999939,40.31000137,40.31000137,2609700
2025-12-03,41.00000000,41.47499847,40.63999939,41.15000153,41.15000153,1617200
2025-12-04,41.09000015,41.29000092,40.24000168,40.97000122,40.97000122,1243300
2025-12-05,40.06000137,40.50999832,39.02999878,39.54999924,39.54999924,2078800
2025-12-08,40.43999863,40.62500000,39.65999985,40.20000076,40.20000076,1980600
2025-12-09,39.99000168,41.90000153,39.84999847,41.22999954,41.22999954,3023400
2025-12-10,40.72999954,41.84999847,40.54000092,40.95999908,40.95999908,2664800
2025-12-11,39.93000031,40.65000153,39.52000046,40.65000153,40.65000153,3868900
2025-12-12,40.79000092,41.04000092,39.60499954,39.95000076,39.95000076,2756400
2025-12-15,39.58000183,39.79000092,37.66999817,37.97000122,37.97000122,3637200
2025-12-16,38.45999908,38.99499893,38.41500092,38.77000046,38.77000046,4889100
2025-12-17,38.83000183,39.97999954,37.74000168,37.97999954,37.97999954,5353500
2025-12-18,39.18000031,39.52999878,37.34999847,37.45000076,37.45000076,3601600
2025-12-19,38.93999863,39.54999924,38.40999985,38.97000122,38.97000122,2405100
2025-12-22,39.79499817,40.00999832,38.88000107,39.08000183,39.08000183,2811000
2025-12-23,38.75999832,39.06999969,38.29000092,38.79000092,38.79000092,2494700
2025-12-24,38.56000137,38.77000046,38.22000122,38.61000061,38.61000061,1329500
2025-12-26,39.36999893,39.38999939,38.31000137,38.74000168,38.74000168,2432500
2025-12-29,38.72000122,38.99000168,38.48500061,38.54999924,38.54999924,1504700
2025-12-30,38.97000122,39.56999969,38.84999847,38.86999893,38.86999893,2774800
2025-12-31,39.34500122,39.34500122,38.54000092,38.72999954,38.72999954,3089700
2026-01-02,39.31999969,40.27999878,39.14599991,39.74000168,39.74000168,3918100
2026-01-05,41.06000137,41.98500061,40.88000107,41.70999908,41.70999908,3154400
2026-01-06,41.77000046,41.77000046,40.36000061,40.90000153,40.90000153,3009500
2026-01-07,40.47000122,40.75500107,40.08000183,40.22999954,40.22999954,1864500
2026-01-08,39.59999847,40.45000076,39.45500183,40.20999908,40.20999908,1656400
2026-01-09,40.04999924,40.70000076,39.70999908,39.93999863,39.93999863,2048700
2026-01-12,39.90999985,40.86000061,39.86999893,40.47999954,40.47999954,3181200
2026-01-13,40.88000107,41.86000061,40.74499893,41.81999969,41.81999969,3586000
2026-01-14,42.33000183,43.36000061,42.20000076,43.25000000,43.25000000,3762600
2026-01-15,42.84000015,42.95000076,42.09000015,42.15000153,42.15000153,3407100
2026-01-16,42.33000183,42.40000153,41.70000076,42.27999878,42.27999878,2604300
2026-01-20,40.18999863,40.40000153,39.45000076,39.61999893,39.61999893,4130500
2026-01-21,39.61999893,40.04999924,38.56999969,39.86999893,39.86999893,6030700
2026-01-22,39.56999969,39.77999878,39.11999893,39.54999924,39.54999924,1818000
2026-01-23,39.63999939,40.34000015,39.15000153,39.58000183,39.58000183,2972800
2026-01-26,38.75000000,39.28499985,38.49000168,38.75000000,38.75000000,1944300
2026-01-27,39.02999878,39.56000137,38.58000183,39.52000046,39.52000046,3757800
2026-01-28,39.79000092,40.02999878,39.29499817,39.40000153,39.40000153,1806900
2026-01-29,38.79999924,38.84999847,36.79000092,37.16999817,37.16999817,5349000
2026-01-30,36.65000153,37.41999817,36.18999863,37.08000183,37.08000183,6301800
2026-02-02,34.52000046,35.11000061,34.33000183,34.49000168,34.49000168,8439500
2026-02-03,34.68000031,34.68500137,32.24499893,33.79000092,33.79000092,9309900
2026-02-04,33.27000046,33.47000122,31.86000061,32.45999908,32.45999908,7567100
2026-02-05,30.95999908,31.30500031,27.54500008,28.14999962,28.14999962,17048200
2026-02-06,29.70000076,31.65500069,29.69000053,30.98999977,30.98999977,8047400
2026-02-09,30.52000046,31.47999954,30.29000092,31.31999969,31.31999969,3971300
2026-02-10,30.61000061,30.96500015,30.04000092,30.43000031,30.43000031,4479800
2026-02-11,30.09000015,30.19000053,29.06999969,29.87999916,29.87999916,3706100
2026-02-12,30.06999969,30.20999908,28.79500008,28.90999985,28.90999985,4516000
2026-02-13,29.77000046,30.72999954,29.56500053,30.43000031,30.43000031,3677300
2026-02-17,30.10000038,30.19700050,29.45499992,29.96999931,29.96999931,2849500
2026-02-18,29.67000008,30.23999977,29.12000084,29.29999924,29.29999924,3980100
2026-02-19,29.19000053,29.72999954,29.03000069,29.69000053,29.69000053,4945000
2026-02-20,29.64999962,30.12000084,29.44000053,29.96999931,29.96999931,6932200
2026-02-23,29.26000023,29.30999947,28.26000023,28.51000023,28.51000023,5668100
2026-02-24,27.87999916,28.64999962,27.79000092,28.53000069,28.53000069,4419900
2026-02-25,29.46999931,30.79500008,29.29000092,30.62000084,30.62000084,13388600
2026-02-26,30.15999985,30.20999908,29.44000053,29.82999992,29.82999992,8572100
2026-02-27,29.26000023,29.36000061,29.08499908,29.24500084,29.24500084,1050902
