Date,Open,High,Low,Close,Adj Close,Volume
2024-07-31,29.50000000,29.64999962,28.79999924,28.95000076,28.95000076,930940
2024-08-01,28.64999962,28.79999924,27.60000038,28.10000038,28.10000038,8564500
2024-08-02,28.75000000,29.04999924,27.64999962,27.79999924,27.79999924,2412560
2024-08-05,22.04999924,24.64999962,22.00000000,23.75000000,23.75000000,3141140
2024-08-06,24.50000000,25.35000038,24.14999962,25.25000000,25.25000000,1690140
2024-08-07,25.45000076,25.54999924,24.25000000,24.29999924,24.29999924,1267920
2024-08-08,25.64999962,26.57500076,25.20000076,26.35000038,26.35000038,977760
2024-08-09,26.85000038,27.12500000,26.44000053,26.89999962,26.89999962,1328060
2024-08-12,26.45000076,26.92499924,25.64999962,26.20000076,26.20000076,751200
2024-08-13,26.14999962,27.32500076,26.10000038,27.04999924,27.04999924,1069980
2024-08-14,26.95000076,27.04999924,26.03000069,26.10000038,26.10000038,998940
2024-08-15,26.25000000,26.54999924,25.14999962,25.35000038,25.35000038,1248080
2024-08-16,26.00000000,26.60000038,25.60000038,26.45000076,26.45000076,862980
2024-08-19,26.10000038,26.29999924,25.75000000,26.20000076,26.20000076,620680
2024-08-20,26.85000038,27.04999924,25.97500038,26.39999962,26.39999962,847140
2024-08-21,26.35000038,27.35000038,26.12000084,27.35000038,27.35000038,1542140
2024-08-22,27.00000000,27.03000069,26.64999962,26.70000076,26.70000076,1058200
2024-08-23,27.14999962,28.35000038,26.97500038,28.25000000,28.25000000,2477640
2024-08-26,28.35000038,28.35000038,27.95000076,28.04999924,28.04999924,1241800
2024-08-27,27.64999962,27.75000000,27.25000000,27.54999924,27.54999924,1388620
2024-08-28,26.60000038,26.62500000,25.64999962,26.14999962,26.14999962,2540200
2024-08-29,26.70000076,27.13999939,26.12000084,26.25000000,26.25000000,1416080
2024-08-30,26.39999962,26.53000069,25.60000038,26.00000000,26.00000000,1655400
2024-09-03,26.20000076,26.25000000,25.50000000,25.75000000,25.75000000,1079220
2024-09-04,25.04999924,25.95000076,24.87000084,25.75000000,25.75000000,1206660
2024-09-05,25.10000038,25.39999962,24.70000076,24.85000038,24.85000038,2048340
2024-09-06,25.10000038,25.20000076,23.60000038,23.75000000,23.75000000,2004280
2024-09-09,24.54999924,25.37500000,24.27499962,25.35000038,25.35000038,1452840
2024-09-10,25.25000000,25.75000000,25.04999924,25.70000076,25.70000076,1227200
2024-09-11,25.25000000,25.75000000,24.61000061,25.54999924,25.54999924,1503940
2024-09-12,25.54999924,25.97500038,25.39999962,25.85000038,25.85000038,1002500
2024-09-13,25.60000038,26.64999962,25.54999924,26.50000000,26.50000000,1410400
2024-09-16,26.00000000,26.00000000,25.50000000,25.70000076,25.70000076,1210080
2024-09-17,26.25000000,27.22500038,26.10000038,26.60000038,26.60000038,1238320
2024-09-18,26.60000038,27.23999977,26.22500038,26.64999962,26.64999962,1359100
2024-09-19,28.04999924,28.35000038,27.79999924,28.04999924,28.04999924,1326160
2024-09-20,27.95000076,28.19000053,27.64999962,27.89999962,27.89999962,2139400
2024-09-23,28.04999924,28.29999924,27.95999908,28.04999924,28.04999924,1041520
2024-09-24,28.10000038,28.54999924,27.79999924,28.54999924,28.54999924,1148980
2024-09-25,28.14999962,28.39999962,27.89999962,28.00000000,28.00000000,848240
2024-09-26,28.54999924,29.22500038,28.45000076,28.70000076,28.70000076,1502100
2024-09-27,29.10000038,29.54999924,29.00000000,29.10000038,29.10000038,1133000
2024-09-30,28.39999962,28.45000076,27.89999962,28.14999962,28.14999962,1183600
2024-10-01,28.10000038,28.14999962,27.04999924,27.39999962,27.39999962,1533700
2024-10-02,27.00000000,27.64999962,26.60000038,26.70000076,26.70000076,1738180
2024-10-03,26.79999924,27.10000038,26.54999924,27.04999924,27.04999924,995900
2024-10-04,27.29999924,27.75000000,26.95000076,27.70000076,27.70000076,982140
2024-10-07,28.00000000,28.60000038,27.82500076,28.10000038,28.10000038,1015260
2024-10-08,27.79999924,28.04999924,27.39999962,27.60000038,27.60000038,1198900
2024-10-09,27.45000076,27.64999962,26.92499924,27.00000000,27.00000000,1173780
2024-10-10,27.04999924,27.04999924,26.10000038,26.45000076,26.45000076,1244480
2024-10-11,27.25000000,28.14999962,27.20000076,28.04999924,28.04999924,1277780
2024-10-14,28.75000000,29.45000076,28.64999962,29.25000000,29.25000000,2025760
2024-10-15,29.25000000,30.18000031,28.75000000,29.70000076,29.70000076,2534600
2024-10-16,30.10000038,30.35000038,29.77499962,30.04999924,30.04999924,1638200
2024-10-17,29.75000000,30.04000092,29.54999924,29.60000038,29.60000038,1713640
2024-10-18,30.04999924,30.64999962,30.02499962,30.39999962,30.39999962,1383180
2024-10-21,30.10000038,30.14999962,29.60000038,30.04999924,30.04999924,1901020
2024-10-22,29.75000000,30.00000000,29.50000000,29.89999962,29.89999962,1212620
2024-10-23,29.50000000,29.64999962,28.87000084,29.39999962,29.39999962,1163580
2024-10-24,30.00000000,30.29999924,29.81999969,30.29999924,30.29999924,1154200
2024-10-25,30.14999962,30.54999924,29.20000076,29.60000038,29.60000038,2562340
2024-10-28,30.60000038,31.00000000,30.34000015,30.85000038,30.85000038,2831520
2024-10-29,31.60000038,32.69499969,31.45000076,32.20000076,32.20000076,2859000
2024-10-30,31.85000038,32.15000153,31.65999985,31.85000038,31.85000038,1677760
2024-10-31,31.95000076,31.95000076,30.95000076,31.04999924,31.04999924,2829760
2024-11-01,31.14999962,31.76000023,30.45999908,30.70000076,30.70000076,2446040
2024-11-04,30.39999962,30.50000000,29.77499962,29.85000038,29.85000038,2319060
2024-11-05,30.75000000,31.28000069,30.47500038,30.79999924,30.79999924,2077900
2024-11-06,32.95000076,33.95000076,32.59999847,33.79999924,33.79999924,2762900
2024-11-07,33.25000000,34.15000153,33.04999924,34.00000000,34.00000000,2689420
2024-11-08,33.84999847,34.34999847,33.54999924,34.00000000,34.00000000,2605240
2024-11-11,36.34999847,38.84999847,36.20000076,38.65000153,38.65000153,6037200
2024-11-12,38.20000076,39.95000076,37.79999924,39.79999924,39.79999924,6230920
2024-11-13,39.95000076,41.50000000,39.59999847,39.84999847,39.84999847,5549940
2024-11-14,40.54999924,40.75000000,38.75000000,38.84999847,38.84999847,4882080
2024-11-15,39.65000153,40.65000153,38.90000153,40.59999847,40.59999847,4386120
2024-11-18,40.15000153,41.09999847,39.77500153,40.65000153,40.65000153,3806540
2024-11-19,40.65000153,41.75000000,40.45000076,41.09999847,41.09999847,3631860
2024-11-20,41.97000122,42.13999939,41.36999893,41.84000015,41.84000015,1355100
2024-11-21,43.20000076,43.97999954,42.40000153,43.59999847,43.59999847,2695900
2024-11-22,43.34000015,44.29000092,43.11999893,44.04999924,44.04999924,2335300
2024-11-25,43.16999817,43.22000122,41.84099960,42.15999985,42.15999985,2153200
2024-11-26,40.86999893,42.02999878,40.20000076,40.31999969,40.31999969,1696900
2024-11-27,41.93000031,43.22000122,41.79999924,42.93000031,42.93000031,1417600
2024-11-29,43.22000122,43.90000153,43.06000137,43.09000015,43.09000015,927600
2024-12-02,42.56000137,43.25000000,41.86999893,42.45999908,42.45999908,1129300
2024-12-03,41.79000092,42.75000000,41.50899887,42.41999817,42.41999817,662300
2024-12-04,42.54000092,44.04999924,41.95000076,43.93999863,43.93999863,1004900
2024-12-05,45.61999893,46.04999924,43.41500092,43.93999863,43.93999863,2164400
2024-12-06,44.09999847,45.33000183,43.77000046,45.09999847,45.09999847,1523100
2024-12-09,43.95999908,44.56999969,42.59999847,42.63000107,42.63000107,1337900
2024-12-10,43.49000168,43.61999893,41.79999924,42.75000000,42.75000000,1019500
2024-12-11,43.77999878,45.15000153,43.68000031,44.93999863,44.93999863,1712000
2024-12-12,45.00000000,45.50000000,44.00500107,44.34000015,44.34000015,1274700
2024-12-13,44.56000137,45.24900055,44.22999954,45.11000061,45.11000061,995000
2024-12-16,46.27999878,47.86000061,46.25000000,46.93999863,46.93999863,2031300
2024-12-17,47.79000092,48.06999969,46.86999893,47.29999924,47.29999924,2938700
2024-12-18,46.40000153,46.54000092,44.29000092,44.59999847,44.59999847,4051900
2024-12-19,45.36999893,45.56900024,42.31000137,42.66999817,42.66999817,2187800
2024-12-20,42.18000031,43.34999847,42.02999878,42.70999908,42.70999908,1428900
2024-12-23,42.27999878,42.34999847,40.91999817,41.20999908,41.20999908,1937000
2024-12-24,42.90999985,43.93000031,42.77000046,43.84999847,43.84999847,972300
2024-12-26,42.43000031,42.81000137,42.15000153,42.33000183,42.33000183,1009000
2024-12-27,42.68000031,42.70000076,41.31000137,41.81999969,41.81999969,1393400
2024-12-30,41.15999985,42.04999924,40.43000031,41.75000000,41.75000000,1169900
2024-12-31,42.45000076,42.63999939,41.27000046,41.86999893,41.86999893,1141700
2025-01-02,42.74000168,43.38999939,42.54999924,43.15999985,43.15999985,1558700
2025-01-03,43.06999969,43.93000031,42.84999847,43.59999847,43.59999847,1012700
2025-01-06,43.90000153,45.50999832,43.81999969,45.34000015,45.34000015,2727800
2025-01-07,44.66999817,44.70000076,42.56000137,42.74000168,42.74000168,2328700
2025-01-08,42.27999878,42.54999924,40.93399811,41.61000061,41.61000061,1382800
2025-01-10,41.84999847,42.49000168,40.86999893,41.99000168,41.99000168,1430600
2025-01-13,40.27999878,41.56000137,39.52000046,41.49000168,41.49000168,1313300
2025-01-14,42.90999985,43.11000061,42.22700119,42.77000046,42.77000046,784200
2025-01-15,43.75999832,44.66999817,43.72000122,44.15000153,44.15000153,1218500
2025-01-16,44.06999969,44.63499832,43.11999893,44.50999832,44.50999832,1053100
2025-01-17,45.59000015,47.03900146,45.40000153,46.43000031,46.43000031,1593100
2025-01-21,46.63999939,47.58000183,45.54199982,47.08000183,47.08000183,1616700
2025-01-22,46.38999939,46.61000061,45.77999878,46.25999832,46.25999832,1286700
2025-01-23,45.40000153,47.38999939,45.34000015,45.81000137,45.81000137,2903800
2025-01-24,46.70999908,47.56000137,46.41999817,46.50999832,46.50999832,1109300
2025-01-27,44.65999985,45.34000015,43.75999832,44.91999817,44.91999817,1749700
2025-01-28,45.47000122,45.99000168,44.83000183,44.86999893,44.86999893,752700
2025-01-29,45.29000092,46.49000168,44.91999817,46.22999954,46.22999954,909400
2025-01-30,46.52000046,47.22999954,46.43099976,46.54000092,46.54000092,729600
2025-01-31,46.43999863,47.02999878,44.95999908,45.00999832,45.00999832,1284600
2025-02-03,42.00000000,45.27999878,41.86100006,44.86000061,44.86000061,2449200
2025-02-04,44.02999878,44.72499847,43.45000076,43.77000046,43.77000046,1358600
2025-02-05,43.77000046,43.97000122,42.77299881,43.13999939,43.13999939,789300
2025-02-06,43.59000015,43.86999893,42.40999985,42.95999908,42.95999908,862800
2025-02-07,44.20999908,44.43999863,42.38000107,42.41999817,42.41999817,988300
2025-02-10,43.29000092,43.44400024,42.93000031,43.18000031,43.18000031,577600
2025-02-11,42.93999863,43.13999939,42.02000046,42.22999954,42.22999954,841200
2025-02-12,41.97999954,43.29000092,41.88000107,42.99000168,42.99000168,991400
2025-02-13,42.52999878,42.75000000,42.20000076,42.65999985,42.65999985,502100
2025-02-14,42.84000015,43.88999939,42.68000031,43.11000061,43.11000061,782100
2025-02-18,42.77999878,42.84000015,41.34000015,41.72000122,41.72000122,1095700
2025-02-19,42.70999908,42.84000015,42.25999832,42.63000107,42.63000107,617900
2025-02-20,43.34000015,43.77999878,42.90000153,43.65999985,43.65999985,652700
2025-02-21,43.93999863,44.04999924,41.95000076,42.02000046,42.02000046,1045200
2025-02-24,42.27999878,42.43999863,41.49000168,41.63999939,41.63999939,1240100
2025-02-25,39.47000122,39.50000000,37.97000122,39.04000092,39.04000092,2398500
2025-02-26,38.00999832,39.13000107,36.38000107,37.31999969,37.31999969,2965300
2025-02-27,38.22000122,38.25999832,36.56000137,36.93000031,36.93000031,1127600
2025-02-28,36.25000000,37.74000168,35.90999985,37.33000183,37.33000183,1687200
2025-03-03,41.31000137,41.33000183,37.72100067,38.09999847,38.09999847,1587500
2025-03-04,36.65499878,39.36000061,36.11999893,38.50000000,38.50000000,1969000
2025-03-05,39.79000092,40.13000107,38.81000137,40.08000183,40.08000183,945400
2025-03-06,39.84999847,40.53699875,38.90000153,39.45999908,39.45999908,853600
2025-03-07,39.50000000,40.37799835,38.34000015,38.54000092,38.54000092,747900
2025-03-10,36.65000153,36.72999954,34.27999878,34.99000168,34.99000168,1961100
2025-03-11,36.09000015,37.04999924,35.00000000,36.81999969,36.81999969,810900
2025-03-12,36.93000031,37.11999893,35.70000076,36.75000000,36.75000000,642500
2025-03-13,36.74000168,36.81999969,35.38000107,35.50000000,35.50000000,805800
2025-03-14,36.93000031,37.83000183,36.63000107,37.54000092,37.54000092,1004900
2025-03-17,36.75000000,37.56499863,36.54000092,37.45000076,37.45000076,854000
2025-03-18,36.50999832,36.54999924,35.93000031,36.43000031,36.43000031,820500
2025-03-19,37.20000076,38.12900162,37.04999924,37.88999939,37.88999939,1009200
2025-03-20,37.72000122,38.34999847,37.04000092,37.31000137,37.31000137,608000
2025-03-21,37.06000137,37.40000153,36.83000183,37.18999863,37.18999863,528700
2025-03-24,38.70000076,39.34000015,38.65000153,39.13000107,39.13000107,754900
2025-03-25,38.88999939,39.15000153,38.58100128,39.08000183,39.08000183,600900
2025-03-26,38.79999924,38.98500061,38.03900146,38.34999847,38.34999847,657800
2025-03-27,38.25999832,38.79999924,38.03499985,38.56000137,38.56000137,662100
2025-03-28,37.81000137,37.90999985,36.99000168,37.06999969,37.06999969,640100
2025-03-31,36.54999924,37.16999817,36.15100098,36.49000168,36.49000168,751400
2025-04-01,37.04999924,37.90999985,36.54000092,37.65000153,37.65000153,871500
2025-04-02,37.50999832,38.72999954,37.45000076,38.52999878,38.52999878,1483900
2025-04-03,36.27999878,36.65900040,35.97100067,36.31000137,36.31000137,1104400
2025-04-04,36.58000183,37.49000168,36.22000122,37.20999908,37.20999908,1497100
2025-04-07,34.02000046,35.95999908,33.52999878,34.52999878,34.52999878,2505900
2025-04-08,35.50999832,35.56999969,33.75999832,33.99000168,33.99000168,1369900
2025-04-09,33.97999954,36.77999878,33.97999954,36.50000000,36.50000000,2034400
2025-04-10,36.18999863,36.24000168,34.70500183,35.22999954,35.22999954,2292200
2025-04-11,36.31999969,37.31999969,36.01499939,37.15999985,37.15999985,1146400
2025-04-14,37.66999817,38.04000092,37.09999847,37.70000076,37.70000076,1034900
2025-04-15,38.02000046,38.31999969,37.17499924,37.24000168,37.24000168,515000
2025-04-16,37.11000061,37.88999939,36.93000031,37.38000107,37.38000107,909900
2025-04-17,37.52000046,37.90999985,37.11500168,37.65000153,37.65000153,642000
2025-04-21,38.66999817,39.27500153,38.27999878,38.72000122,38.72000122,2605800
2025-04-22,39.74000168,40.70999908,39.65000153,40.56000137,40.56000137,2623000
2025-04-23,41.68999863,41.99000168,40.74499893,41.43999863,41.43999863,1920500
2025-04-24,41.11999893,41.52000046,41.04000092,41.49000168,41.49000168,677000
2025-04-25,41.79000092,42.52000046,41.68999863,42.29999924,42.29999924,1552000
2025-04-28,42.16999817,42.18500137,41.40999985,41.99000168,41.99000168,991500
2025-04-29,42.04000092,42.31999969,41.90000153,42.24000168,42.24000168,655600
2025-04-30,41.88000107,41.90000153,41.13999939,41.70999908,41.70999908,1574800
2025-05-01,42.84999847,43.25000000,42.49000168,42.79000092,42.79000092,1064800
2025-05-02,42.99000168,43.42499924,42.86999893,42.95999908,42.95999908,853400
2025-05-05,41.72999954,42.05500031,41.45999908,41.77000046,41.77000046,900600
2025-05-06,41.50999832,42.16899872,41.33000183,42.04999924,42.04999924,613600
2025-05-07,42.86000061,43.20000076,42.45000076,42.61000061,42.61000061,763900
2025-05-08,44.04999924,45.06999969,43.90000153,44.88999939,44.88999939,1311700
2025-05-09,45.63000107,46.00500107,45.36000061,45.75000000,45.75000000,1311100
2025-05-12,46.13000107,46.33000183,44.65499878,45.11000061,45.11000061,1179500
2025-05-13,45.97000122,46.55400085,45.58000183,46.45000076,46.45000076,1246800
2025-05-14,46.11000061,46.25000000,45.46500015,45.77000046,45.77000046,1020400
2025-05-15,45.43000031,46.16999817,44.93000031,45.70000076,45.70000076,669700
2025-05-16,45.90999985,46.36000061,45.81999969,46.15000153,46.15000153,672000
2025-05-19,45.43000031,46.79999924,45.38000107,46.75999832,46.75999832,877700
2025-05-20,46.38999939,47.56999969,46.15999985,47.47000122,47.47000122,800700
2025-05-21,47.20000076,48.70999908,47.04000092,48.15999985,48.15999985,1904300
2025-05-22,49.40000153,49.65000153,48.97900009,49.29999924,49.29999924,1690800
2025-05-23,48.20000076,48.79000092,47.88999939,48.18000031,48.18000031,1084600
2025-05-27,48.97000122,49.11500168,48.18999863,48.72999954,48.72999954,801600
2025-05-28,48.20999908,48.34000015,47.36999893,47.40999985,47.40999985,891300
2025-05-29,48.00999832,48.04000092,46.74000168,46.77000046,46.77000046,1414500
2025-05-30,46.79000092,46.95999908,45.90299988,46.29000092,46.29000092,1267700
2025-06-02,46.04999924,46.38999939,45.91999817,46.27000046,46.27000046,531300
2025-06-03,46.75000000,47.36000061,46.56000137,47.09000015,47.09000015,768500
2025-06-04,46.52999878,46.77999878,46.13999939,46.50999832,46.50999832,523200
2025-06-05,46.88000107,46.88999939,45.00999832,45.13999939,45.13999939,1443600
2025-06-06,46.06000137,46.72999954,46.04999924,46.18999863,46.18999863,768300
2025-06-09,47.67499924,48.20999908,47.38499832,48.13000107,48.13000107,893900
2025-06-10,48.63999939,48.91500092,48.02999878,48.54999924,48.54999924,566500
2025-06-11,48.65000153,48.93999863,48.04999924,48.20999908,48.20999908,537000
2025-06-12,47.33000183,48.06499863,47.20000076,47.29999924,47.29999924,819600
2025-06-13,46.50000000,46.99900055,46.14500046,46.61000061,46.61000061,521900
2025-06-16,47.22000122,48.28900146,47.18000031,48.16999817,48.16999817,631400
2025-06-17,46.81999969,46.86999893,45.77999878,46.40999985,46.40999985,1747800
2025-06-18,46.08000183,46.68999863,45.90000153,46.00999832,46.00999832,711600
2025-06-20,47.06000137,47.06000137,45.34999847,45.74000168,45.74000168,708100
2025-06-23,44.83000183,45.78699875,44.15999985,45.74000168,45.74000168,1040900
2025-06-24,46.59000015,47.11999893,46.45000076,46.84999847,46.84999847,665600
2025-06-25,47.81000137,47.95000076,47.34899902,47.77999878,47.77999878,865200
2025-06-26,47.49000168,47.75000000,47.27500153,47.68999863,47.68999863,447900
2025-06-27,47.29000092,47.75000000,47.15000153,47.31999969,47.31999969,676100
2025-06-30,47.79999924,47.81000137,47.27999878,47.75000000,47.75000000,545800
2025-07-01,47.25000000,47.50999832,46.65000153,46.65999985,46.65999985,1006300
2025-07-02,47.65000153,48.66999817,47.58000183,48.63999939,48.63999939,2163100
2025-07-03,48.50000000,49.04999924,48.34999847,48.40999985,48.40999985,646300
2025-07-07,48.06000137,48.15999985,47.59999847,47.88999939,47.88999939,1159900
2025-07-08,48.27000046,48.40999985,47.88000107,48.20000076,48.20000076,679400
2025-07-09,48.56000137,49.68999863,48.07500076,49.56999969,49.56999969,1284000
2025-07-10,49.24000168,50.49499893,49.00000000,50.27000046,50.27000046,2542700
2025-07-11,52.13000107,52.39500046,51.68999863,52.38000107,52.38000107,1796800
2025-07-14,53.93000031,54.11999893,52.81999969,53.13999939,53.13999939,1475700
2025-07-15,52.15999985,52.52199936,51.29999924,51.61000061,51.61000061,2301100
2025-07-16,52.66999817,53.18000031,52.38000107,52.86000061,52.86000061,1500100
2025-07-17,52.27000046,53.16500092,52.11500168,52.72999954,52.72999954,1117300
2025-07-18,52.65000153,52.88999939,51.90999985,52.00000000,52.00000000,2356600
2025-07-21,52.38999939,52.84999847,51.65000153,51.72999954,51.72999954,1687400
2025-07-22,52.84000015,53.31000137,52.09500122,52.90999985,52.90999985,1710900
2025-07-23,52.34999847,52.61999893,51.97999954,52.49000168,52.49000168,1082000
2025-07-24,52.63000107,52.99000168,52.24200058,52.77000046,52.77000046,1441200
2025-07-25,51.52000046,51.89500046,50.95000076,51.77000046,51.77000046,1369400
2025-07-28,52.56999969,52.79000092,52.01499939,52.33000183,52.33000183,1205800
2025-07-29,52.70999908,52.74000168,51.77000046,52.04000092,52.04000092,1101900
2025-07-30,52.08000183,52.63999939,51.25999832,51.77000046,51.77000046,1082100
2025-07-31,52.31999969,52.66999817,51.68500137,51.70000076,51.70000076,982000
2025-08-01,51.20500183,51.25999832,50.02999878,50.04999924,50.04999924,2689600
2025-08-04,50.56000137,51.25000000,50.50999832,50.83000183,50.83000183,624000
2025-08-05,50.58000183,50.75999832,49.86999893,50.31999969,50.31999969,793400
2025-08-06,50.43000031,51.27000046,50.29000092,51.06999969,51.06999969,738500
2025-08-07,51.59999847,52.13499832,51.25000000,52.08000183,52.08000183,1350500
2025-08-08,51.77000046,52.00000000,51.33300018,51.56000137,51.56000137,1055700
2025-08-11,52.93999863,53.51499939,52.54999924,52.74000168,52.74000168,1101900
2025-08-12,52.81999969,53.22999954,52.54000092,53.02000046,53.02000046,1022800
2025-08-13,53.43000031,54.47999954,53.20999908,54.43999863,54.43999863,1387800
2025-08-14,52.38000107,52.90000153,51.90999985,52.27000046,52.27000046,1827400
2025-08-15,52.50999832,52.50999832,51.75000000,51.81999969,51.81999969,945100
2025-08-18,51.25000000,51.74000168,50.86000061,51.50999832,51.50999832,718400
2025-08-19,51.29000092,51.31999969,49.86999893,50.06999969,50.06999969,1425300
2025-08-20,50.22000122,50.66999817,49.72999954,50.61999893,50.61999893,947300
2025-08-21,50.20000076,50.49000168,49.56000137,49.65999985,49.65999985,676100
2025-08-22,49.72999954,52.02500153,49.56999969,51.70999908,51.70999908,1374000
2025-08-25,49.45000076,50.04299927,48.95999908,49.06999969,49.06999969,1167300
2025-08-26,48.68000031,49.25999832,48.45999908,49.22000122,49.22000122,1468600
2025-08-27,49.31999969,49.90999985,49.17599869,49.66999817,49.66999817,903000
2025-08-28,50.09000015,50.18999863,49.56000137,49.58000183,49.58000183,970800
2025-08-29,48.95999908,48.97999954,47.81000137,47.93000031,47.93000031,1467600
2025-09-02,48.45999908,49.52000046,48.29999924,49.08000183,49.08000183,1481700
2025-09-03,49.34999847,49.88999939,49.25000000,49.72000122,49.72000122,1101200
2025-09-04,49.08000183,49.10900116,48.40499878,48.61999893,48.61999893,970900
2025-09-05,50.00999832,50.16999817,48.79999924,49.43999863,49.43999863,1590100
2025-09-08,49.70999908,50.03499985,49.54100037,49.65000153,49.65000153,844300
2025-09-09,49.99000168,50.04000092,49.04999924,49.31999969,49.31999969,936000
2025-09-10,50.36999893,50.68999863,50.11999893,50.31999969,50.31999969,1087800
2025-09-11,50.36999893,50.83000183,50.36000061,50.74000168,50.74000168,711400
2025-09-12,50.93999863,51.79499817,50.86999893,51.77999878,51.77999878,995400
2025-09-15,50.95000076,51.18000031,50.65000153,51.06999969,51.06999969,1111400
2025-09-16,51.15000153,51.81000137,50.81000137,51.77000046,51.77000046,812700
2025-09-17,51.47999954,51.54000092,50.79000092,51.22000122,51.22000122,1638000
2025-09-18,52.04999924,52.27000046,51.84999847,52.04000092,52.04000092,996800
2025-09-19,51.49000168,51.62500000,50.95999908,50.97999954,50.97999954,948800
2025-09-22,50.04000092,50.25999832,49.59500122,49.68000031,49.68000031,1010700
2025-09-23,50.04000092,50.19499969,49.40000153,49.45000076,49.45000076,806600
2025-09-24,50.06999969,50.50000000,49.97000122,50.25000000,50.25000000,756100
2025-09-25,49.45000076,49.49000168,48.06000137,48.41999817,48.41999817,2091400
2025-09-26,48.38000107,48.86000061,48.13000107,48.34000015,48.34000015,1222600
2025-09-29,49.70999908,50.70500183,49.65000153,50.66999817,50.66999817,2270700
2025-09-30,50.22000122,50.75999832,49.97000122,50.63000107,50.63000107,1248800
2025-10-01,51.70000076,52.40000153,51.58700180,52.04999924,52.04999924,1557900
2025-10-02,52.81000137,53.65499878,52.53300095,53.59999847,53.59999847,1621400
2025-10-03,53.47999954,54.95999908,53.18500137,54.43000031,54.43000031,1807600
2025-10-06,55.31999969,55.95999908,55.11500168,55.56999969,55.56999969,2241700
2025-10-07,55.33000183,55.33000183,53.43000031,53.88000107,53.88000107,2540900
2025-10-08,54.24000168,55.00999832,53.90000153,54.66999817,54.66999817,1589600
2025-10-09,54.68000031,54.68000031,53.00999832,53.61999893,53.61999893,1572800
2025-10-10,54.04999924,54.30500031,51.31999969,51.61999893,51.61999893,4028600
2025-10-13,50.66999817,51.36500168,50.40000153,51.31999969,51.31999969,3370400
2025-10-14,49.04000092,50.31000137,48.65499878,49.88000107,49.88000107,2134600
2025-10-15,49.36999893,49.72499847,48.76499939,49.27000046,49.27000046,2068700
2025-10-16,49.22999954,49.36999893,47.61000061,47.93999863,47.93999863,3610800
2025-10-17,46.75999832,47.59999847,46.27999878,47.13999939,47.13999939,3442600
2025-10-20,49.02999878,49.49000168,48.65000153,49.09999847,49.09999847,1739900
2025-10-21,48.13999939,50.52999878,47.90000153,49.50000000,49.50000000,3737600
2025-10-22,47.91999817,48.31999969,47.59000015,47.70999908,47.70999908,2441300
2025-10-23,48.33000183,49.31000137,48.15000153,48.81000137,48.81000137,1123300
2025-10-24,49.25000000,49.31999969,48.59999847,48.99000168,48.99000168,1291700
2025-10-27,50.97000122,51.27500153,50.68999863,50.90000153,50.90000153,994600
2025-10-28,50.93000031,51.43000031,50.25999832,50.31000137,50.31000137,1215700
2025-10-29,50.29000092,50.31000137,48.36000061,48.97000122,48.97000122,2584400
2025-10-30,48.02000046,48.04999924,47.03499985,47.11999893,47.11999893,3098100
2025-10-31,48.63000107,49.15999985,48.06999969,48.61999893,48.61999893,2001300
2025-11-03,47.59999847,47.88600159,46.63000107,47.20000076,47.20000076,2343900
2025-11-04,45.93999863,46.40000153,44.06999969,44.56999969,44.56999969,3700000
2025-11-05,45.45000076,46.31000137,45.22999954,45.97999954,45.97999954,1864700
2025-11-06,45.58000183,45.58000183,44.40000153,44.65999985,44.65999985,1957400
2025-11-07,44.34999847,45.99000168,44.00999832,45.95000076,45.95000076,2403800
2025-11-10,47.00999832,47.06999969,46.34000015,46.93000031,46.93000031,1761800
2025-11-11,46.27999878,46.34000015,45.44499969,45.50000000,45.50000000,1024200
2025-11-12,46.38999939,46.44499969,44.63000107,44.93999863,44.93999863,1708700
2025-11-13,45.33000183,45.79000092,43.31999969,43.36000061,43.36000061,2543900
2025-11-14,42.18000031,43.11000061,41.65000153,41.72000122,41.72000122,3488400
2025-11-17,41.65000153,42.47999954,40.34000015,40.65000153,40.65000153,3304500
2025-11-18,40.59999847,41.52000046,40.24000168,41.06999969,41.06999969,2343800
2025-11-19,40.34999847,40.88999939,39.16500092,39.56999969,39.56999969,2964700
2025-11-20,40.43000031,40.52999878,38.04000092,38.20999908,38.20999908,2812700
2025-11-21,37.00999832,37.86000061,36.41999817,37.43999863,37.43999863,7357400
2025-11-24,38.00000000,39.50999832,37.70000076,39.45999908,39.45999908,2684600
2025-11-25,38.59000015,39.00000000,38.11000061,38.66999817,38.66999817,3989500
2025-11-26,38.63000107,40.02999878,38.36000061,39.81999969,39.81999969,2479800
2025-11-28,41.18000031,41.22000122,39.96500015,40.16999817,40.16999817,1517900
2025-12-01,38.20000076,38.37500000,37.10599899,37.84999847,37.84999847,2447200
2025-12-02,39.25999832,40.87500000,39.13999939,40.31000137,40.31000137,2609700
2025-12-03,41.00000000,41.47499847,40.63999939,41.15000153,41.15000153,1617200
2025-12-04,41.09000015,41.29000092,40.24000168,40.97000122,40.97000122,1243300
2025-12-05,40.06000137,40.50999832,39.02999878,39.54999924,39.54999924,2078800
2025-12-08,40.43999863,40.62500000,39.65999985,40.20000076,40.20000076,1980600
2025-12-09,39.99000168,41.90000153,39.84999847,41.22999954,41.22999954,3023400
2025-12-10,40.72999954,41.84999847,40.54000092,40.95999908,40.95999908,2664800
2025-12-11,39.93000031,40.65000153,39.52000046,40.65000153,40.65000153,3868900
2025-12-12,40.79000092,41.04000092,39.60499954,39.95000076,39.95000076,2756400
2025-12-15,39.58000183,39.79000092,37.66999817,37.97000122,37.97000122,3637200
2025-12-16,38.45999908,38.99499893,38.41500092,38.77000046,38.77000046,4889100
2025-12-17,38.83000183,39.97999954,37.74000168,37.97999954,37.97999954,5353500
2025-12-18,39.18000031,39.52999878,37.34999847,37.45000076,37.45000076,3601600
2025-12-19,38.93999863,39.54999924,38.40999985,38.97000122,38.97000122,2405100
2025-12-22,39.79499817,40.00999832,38.88000107,39.08000183,39.08000183,2811000
2025-12-23,38.75999832,39.06999969,38.29000092,38.79000092,38.79000092,2494700
2025-12-24,38.56000137,38.77000046,38.22000122,38.61000061,38.61000061,1329500
2025-12-26,39.36999893,39.38999939,38.31000137,38.74000168,38.74000168,2432500
2025-12-29,38.72000122,38.99000168,38.48500061,38.54999924,38.54999924,1504700
2025-12-30,38.97000122,39.56999969,38.84999847,38.86999893,38.86999893,2774800
2025-12-31,39.34500122,39.34500122,38.54000092,38.72999954,38.72999954,3089700
2026-01-02,39.31999969,40.27999878,39.14599991,39.74000168,39.74000168,3918100
2026-01-05,41.06000137,41.98500061,40.88000107,41.70999908,41.70999908,3154400
2026-01-06,41.77000046,41.77000046,40.36000061,40.90000153,40.90000153,3009500
2026-01-07,40.47000122,40.75500107,40.08000183,40.22999954,40.22999954,1864500
2026-01-08,39.59999847,40.45000076,39.45500183,40.20999908,40.20999908,1656400
2026-01-09,40.04999924,40.70000076,39.70999908,39.93999863,39.93999863,2048700
2026-01-12,39.90999985,40.86000061,39.86999893,40.47999954,40.47999954,3181200
2026-01-13,40.88000107,41.86000061,40.74499893,41.81999969,41.81999969,3586000
2026-01-14,42.33000183,43.36000061,42.20000076,43.25000000,43.25000000,3762600
2026-01-15,42.84000015,42.95000076,42.09000015,42.15000153,42.15000153,3407100
2026-01-16,42.33000183,42.40000153,41.70000076,42.27999878,42.27999878,2604300
2026-01-20,40.18999863,40.40000153,39.45000076,39.61999893,39.61999893,4130500
2026-01-21,39.61999893,40.04999924,38.56999969,39.86999893,39.86999893,6030700
2026-01-22,39.56999969,39.77999878,39.11999893,39.54999924,39.54999924,1818000
2026-01-23,39.63999939,40.34000015,39.15000153,39.58000183,39.58000183,2972800
2026-01-26,38.75000000,39.28499985,38.49000168,38.75000000,38.75000000,1944300
2026-01-27,39.02999878,39.56000137,38.58000183,39.52000046,39.52000046,3757800
2026-01-28,39.79000092,40.02999878,39.29499817,39.40000153,39.40000153,1806900
2026-01-29,38.79999924,38.84999847,36.79000092,37.16999817,37.16999817,5349000
2026-01-30,36.65000153,37.41999817,36.18999863,37.08000183,37.08000183,6301800
2026-02-02,34.52000046,35.11000061,34.33000183,34.49000168,34.49000168,8439500
2026-02-03,34.68000031,34.68500137,32.24499893,33.79000092,33.79000092,9309900
2026-02-04,33.27000046,33.47000122,31.86000061,32.45999908,32.45999908,7567100
2026-02-05,30.95999908,31.30500031,27.54500008,28.14999962,28.14999962,17048200
2026-02-06,29.70000076,31.65500069,29.69000053,30.98999977,30.98999977,8047400
2026-02-09,30.52000046,31.47999954,30.29000092,31.31999969,31.31999969,3971300
2026-02-10,30.61000061,30.96500015,30.04000092,30.43000031,30.43000031,4479800
2026-02-11,30.09000015,30.19000053,29.06999969,29.87999916,29.87999916,3706100
2026-02-12,30.06999969,30.20999908,28.79500008,28.90999985,28.90999985,4516000
2026-02-13,29.77000046,30.72999954,29.56500053,30.43000031,30.43000031,3677300
2026-02-17,30.10000038,30.19700050,29.45499992,29.96999931,29.96999931,2849500
2026-02-18,29.67000008,30.23999977,29.12000084,29.29999924,29.29999924,3980100
2026-02-19,29.19000053,29.72999954,29.03000069,29.69000053,29.69000053,4945000
2026-02-20,29.64999962,30.12000084,29.44000053,29.96999931,29.96999931,6932200
2026-02-23,29.26000023,29.30999947,28.26000023,28.51000023,28.51000023,5668100
2026-02-24,27.87999916,28.64999962,27.79000092,28.53000069,28.53000069,4419900
2026-02-25,29.46999931,30.79500008,29.29000092,30.62000084,30.62000084,13388600
2026-02-26,30.15999985,30.20999908,29.44000053,29.82999992,29.82999992,8572100
2026-02-27,29.26000023,29.36000061,29.08499908,29.21500015,29.21500015,1612159
