Date,Open,High,Low,Close,Adj Close,Volume
2024-02-27,3178.69000000,3291.36000000,3161.60000000,3243.84000000,3243.84000000,211830
2024-02-28,3244.35000000,3496.02000000,3111.00000000,3386.64000000,3386.64000000,313191
2024-02-29,3386.64000000,3521.99000000,3301.00000000,3341.78000000,3341.78000000,243536
2024-03-01,3341.78000000,3455.00000000,3339.20000000,3436.00000000,3436.00000000,132747
2024-03-02,3436.37000000,3462.00000000,3393.70000000,3420.10000000,3420.10000000,80730
2024-03-03,3423.77000000,3493.78000000,3360.00000000,3489.54000000,3489.54000000,88854
2024-03-04,3489.95000000,3650.00000000,3429.60000000,3633.23000000,3633.23000000,214173
2024-03-05,3633.20000000,3829.93000000,3200.00000000,3557.41000000,3557.41000000,476312
2024-03-06,3556.70000000,3903.42000000,3499.57000000,3821.82000000,3821.82000000,289406
2024-03-07,3822.10000000,3941.57000000,3736.50000000,3875.28000000,3875.28000000,171529
2024-03-08,3875.42000000,4000.00000000,3822.20000000,3892.60000000,3892.60000000,207913
2024-03-09,3892.62000000,3951.37000000,3865.60000000,3913.55000000,3913.55000000,76020
2024-03-10,3913.84000000,3972.17000000,3789.40000000,3881.96000000,3881.96000000,101831
2024-03-11,3882.48000000,4091.67000000,3721.00000000,4066.21000000,4066.21000000,247325
2024-03-12,4065.30000000,4093.88000000,3812.70000000,3980.34000000,3980.34000000,237510
2024-03-13,3968.20000000,4085.57000000,3927.70000000,4007.70000000,4007.70000000,162347
2024-03-14,4007.79000000,4013.25000000,3714.53000000,3880.78000000,3880.78000000,229807
2024-03-15,3880.45000000,3965.00000000,3566.00000000,3742.95000000,3742.95000000,293619
2024-03-16,3743.29000000,3784.80000000,3466.55000000,3520.10000000,3520.10000000,141810
2024-03-17,3520.24000000,3679.70000000,3410.78000000,3641.02000000,3641.02000000,146951
2024-03-18,3641.51000000,3645.80000000,3454.30000000,3520.66000000,3520.66000000,140530
2024-03-19,3518.43000000,3547.97000000,3146.98000000,3156.97000000,3156.97000000,336726
2024-03-20,3156.94000000,3537.80000000,3057.50000000,3516.68000000,3516.68000000,409004
2024-03-21,3517.02000000,3589.30000000,3410.45000000,3491.78000000,3491.78000000,191782
2024-03-22,3496.40000000,3546.30000000,3250.00000000,3335.09000000,3335.09000000,197963
2024-03-23,3337.38000000,3436.39000000,3271.47000000,3330.05000000,3330.05000000,111096
2024-03-24,3330.28000000,3473.50000000,3300.00000000,3454.03000000,3454.03000000,74900
2024-03-25,3458.50000000,3661.70000000,3418.61000000,3591.02000000,3591.02000000,170129
2024-03-26,3591.30000000,3681.90000000,3543.60000000,3587.67000000,3587.67000000,123858
2024-03-27,3587.50000000,3665.95000000,3456.90000000,3499.56000000,3499.56000000,141879
2024-03-28,3499.62000000,3612.30000000,3462.44000000,3561.10000000,3561.10000000,102613
2024-03-29,3561.12000000,3584.90000000,3470.50000000,3511.08000000,3511.08000000,79208
2024-03-30,3511.21000000,3568.13000000,3488.08000000,3507.51000000,3507.51000000,66572
2024-03-31,3507.31000000,3658.00000000,3505.76000000,3645.48000000,3645.48000000,66191
2024-04-01,3650.60000000,3650.60000000,3410.09000000,3505.85000000,3505.85000000,123356
2024-04-02,3505.87000000,3507.69000000,3211.41000000,3279.64000000,3279.64000000,184781
2024-04-03,3279.71000000,3369.43000000,3202.80000000,3312.43000000,3312.43000000,117410
2024-04-04,3312.42000000,3444.95000000,3251.20000000,3329.39000000,3329.39000000,132287
2024-04-05,3329.41000000,3348.33000000,3209.70000000,3319.26000000,3319.26000000,104088
2024-04-06,3319.10000000,3398.80000000,3308.50000000,3352.66000000,3352.66000000,44425
2024-04-07,3352.60000000,3459.52000000,3345.36000000,3453.67000000,3453.67000000,48995
2024-04-08,3452.40000000,3731.00000000,3406.93000000,3694.56000000,3694.56000000,171956
2024-04-09,3694.38000000,3726.79000000,3450.60000000,3504.58000000,3504.58000000,140500
2024-04-10,3504.24000000,3568.90000000,3408.01000000,3546.00000000,3546.00000000,106188
2024-04-11,3546.07000000,3620.50000000,3473.60000000,3503.06000000,3503.06000000,88318
2024-04-12,3503.06000000,3555.30000000,2926.93000000,3239.31000000,3239.31000000,212948
2024-04-13,3238.98000000,3303.50000000,2537.00000000,3011.39000000,3011.39000000,309459
2024-04-14,3011.42000000,3178.30000000,2908.90000000,3158.06000000,3158.06000000,190907
2024-04-15,3156.00000000,3281.21000000,3025.00000000,3103.13000000,3103.13000000,173022
2024-04-16,3101.38000000,3132.10000000,2987.26000000,3085.25000000,3085.25000000,143436
2024-04-17,3084.92000000,3126.20000000,2914.01000000,2984.98000000,2984.98000000,152015
2024-04-18,2985.40000000,3100.80000000,2952.53000000,3065.82000000,3065.82000000,117768
2024-04-19,3065.80000000,3128.99000000,2865.71000000,3057.93000000,3057.93000000,148355
2024-04-20,3058.52000000,3173.20000000,3019.11000000,3157.01000000,3157.01000000,49647
2024-04-21,3157.81000000,3199.00000000,3117.46000000,3148.10000000,3148.10000000,44171
2024-04-22,3148.31000000,3239.10000000,3129.68000000,3201.46000000,3201.46000000,85105
2024-04-23,3202.00000000,3267.20000000,3153.41000000,3219.49000000,3219.49000000,87090
2024-04-24,3220.00000000,3295.20000000,3102.62000000,3138.91000000,3138.91000000,102503
2024-04-25,3139.11000000,3193.80000000,3071.79000000,3155.36000000,3155.36000000,107571
2024-04-26,3155.63000000,3169.90000000,3101.01000000,3130.00000000,3130.00000000,80914
2024-04-27,3129.96000000,3287.00000000,3067.27000000,3253.04000000,3253.04000000,77826
2024-04-28,3252.63000000,3363.10000000,3239.72000000,3262.60000000,3262.60000000,77570
2024-04-29,3262.03000000,3289.80000000,3113.70000000,3215.53000000,3215.53000000,100728
2024-04-30,3216.09000000,3255.00000000,2916.34000000,3011.40000000,3011.40000000,151671
2024-05-01,3011.24000000,3028.40000000,2813.80000000,2968.12000000,2968.12000000,194837
2024-05-02,2970.01000000,3020.40000000,2890.28000000,2986.32000000,2986.32000000,92944
2024-05-03,2987.86000000,3131.60000000,2958.55000000,3103.27000000,3103.27000000,113983
2024-05-04,3105.13000000,3171.90000000,3093.28000000,3117.41000000,3117.41000000,44132
2024-05-05,3118.06000000,3177.00000000,3073.70000000,3136.95000000,3136.95000000,46102
2024-05-06,3137.54000000,3225.80000000,3045.59000000,3062.69000000,3062.69000000,100973
2024-05-07,3063.07000000,3133.90000000,3000.00000000,3005.78000000,3005.78000000,72665
2024-05-08,3005.14000000,3042.90000000,2936.51000000,2972.82000000,2972.82000000,71792
2024-05-09,2972.87000000,3064.60000000,2949.52000000,3035.92000000,3035.92000000,65895
2024-05-10,3036.25000000,3059.30000000,2878.38000000,2909.43000000,2909.43000000,108814
2024-05-11,2909.56000000,2949.20000000,2885.80000000,2911.75000000,2911.75000000,33781
2024-05-12,2910.11000000,2962.60000000,2900.59000000,2927.75000000,2927.75000000,30556
2024-05-13,2929.18000000,3003.60000000,2864.01000000,2950.21000000,2950.21000000,100216
2024-05-14,2948.99000000,2988.00000000,2858.76000000,2880.40000000,2880.40000000,99337
2024-05-15,2881.49000000,3044.00000000,2862.36000000,3033.20000000,3033.20000000,117789
2024-05-16,3033.21000000,3044.00000000,2923.73000000,2945.11000000,2945.11000000,100645
2024-05-17,2944.48000000,3124.20000000,2932.68000000,3093.39000000,3093.39000000,98671
2024-05-18,3093.54000000,3151.90000000,3085.07000000,3123.99000000,3123.99000000,42277
2024-05-19,3121.37000000,3138.20000000,3053.74000000,3070.90000000,3070.90000000,41601
2024-05-20,3071.79000000,3695.00000000,3048.58000000,3661.52000000,3661.52000000,350209
2024-05-21,3661.51000000,3841.24000000,3624.90000000,3789.37000000,3789.37000000,330133
2024-05-22,3789.32000000,3813.25000000,3653.11000000,3735.99000000,3735.99000000,193276
2024-05-23,3736.82000000,3947.00000000,3521.24000000,3780.83000000,3780.83000000,402191
2024-05-24,3780.87000000,3831.50000000,3627.53000000,3726.89000000,3726.89000000,146906
2024-05-25,3726.37000000,3781.50000000,3707.41000000,3749.06000000,3749.06000000,40345
2024-05-26,3749.32000000,3884.70000000,3731.03000000,3823.83000000,3823.83000000,84682
2024-05-27,3824.85000000,3975.80000000,3821.01000000,3890.72000000,3890.72000000,102183
2024-05-28,3890.72000000,3929.80000000,3769.47000000,3839.98000000,3839.98000000,121527
2024-05-29,3839.99000000,3890.00000000,3740.75000000,3762.11000000,3762.11000000,122832
2024-05-30,3762.23000000,3825.90000000,3700.40000000,3746.74000000,3746.74000000,109940
2024-05-31,3746.91000000,3846.00000000,3720.52000000,3758.44000000,3758.44000000,102789
2024-06-01,3758.37000000,3833.70000000,3748.31000000,3812.48000000,3812.48000000,37924
2024-06-02,3812.84000000,3837.90000000,3750.59000000,3778.88000000,3778.88000000,49221
2024-06-03,3778.70000000,3852.10000000,3757.32000000,3766.09000000,3766.09000000,81851
2024-06-04,3766.08000000,3832.56000000,3728.77000000,3810.29000000,3810.29000000,75912
2024-06-05,3813.02000000,3888.90000000,3777.25000000,3866.57000000,3866.57000000,81047
2024-06-06,3866.36000000,3879.15000000,3758.19000000,3812.09000000,3812.09000000,63893
2024-06-07,3811.83000000,3842.00000000,3574.89000000,3676.69000000,3676.69000000,131557
2024-06-08,3676.88000000,3711.70000000,3657.39000000,3680.84000000,3680.84000000,34819
2024-06-09,3680.21000000,3721.80000000,3665.53000000,3706.27000000,3706.27000000,24232
2024-06-10,3705.80000000,3712.60000000,3640.00000000,3665.86000000,3665.86000000,53281
2024-06-11,3665.86000000,3671.50000000,3381.00000000,3497.31000000,3497.31000000,170797
2024-06-12,3497.02000000,3657.05000000,3461.52000000,3559.14000000,3559.14000000,122122
2024-06-13,3559.14000000,3562.00000000,3425.87000000,3467.65000000,3467.65000000,122337
2024-06-14,3468.90000000,3530.80000000,3360.62000000,3479.53000000,3479.53000000,121258
2024-06-15,3480.11000000,3593.60000000,3470.96000000,3566.69000000,3566.69000000,67364
2024-06-16,3564.36000000,3652.50000000,3538.74000000,3622.10000000,3622.10000000,49916
2024-06-17,3620.93000000,3640.00000000,3463.38000000,3509.55000000,3509.55000000,131845
2024-06-18,3511.23000000,3517.60000000,3350.00000000,3482.06000000,3482.06000000,155610
2024-06-19,3482.07000000,3591.70000000,3464.44000000,3559.14000000,3559.14000000,129158
2024-06-20,3557.63000000,3628.60000000,3482.61000000,3510.73000000,3510.73000000,124964
2024-06-21,3511.96000000,3551.50000000,3443.90000000,3517.19000000,3517.19000000,123119
2024-06-22,3517.08000000,3526.70000000,3473.78000000,3494.09000000,3494.09000000,36822
2024-06-23,3494.48000000,3525.00000000,3405.07000000,3418.42000000,3418.42000000,49562
2024-06-24,3418.35000000,3437.40000000,3230.00000000,3350.59000000,3350.59000000,197258
2024-06-25,3350.82000000,3431.90000000,3334.79000000,3393.60000000,3393.60000000,118435
2024-06-26,3394.93000000,3428.90000000,3323.00000000,3369.31000000,3369.31000000,95800
2024-06-27,3367.67000000,3482.00000000,3359.23000000,3445.58000000,3445.58000000,92354
2024-06-28,3445.40000000,3492.50000000,3360.01000000,3373.62000000,3373.62000000,112393
2024-06-29,3374.23000000,3412.40000000,3366.21000000,3373.26000000,3373.26000000,27543
2024-06-30,3372.93000000,3462.60000000,3347.21000000,3432.37000000,3432.37000000,38685
2024-07-01,3432.23000000,3526.70000000,3420.50000000,3438.36000000,3438.36000000,72629
2024-07-02,3438.32000000,3466.00000000,3396.76000000,3416.17000000,3416.17000000,51220
2024-07-03,3415.81000000,3435.60000000,3248.00000000,3291.73000000,3291.73000000,103048
2024-07-04,3292.89000000,3315.80000000,3050.00000000,3058.89000000,3058.89000000,150019
2024-07-05,3062.90000000,3111.30000000,2809.41000000,2981.74000000,2981.74000000,289692
2024-07-06,2981.79000000,3085.10000000,2955.67000000,3067.39000000,3067.39000000,61296
2024-07-07,3067.56000000,3079.20000000,2921.13000000,2930.78000000,2930.78000000,58678
2024-07-08,2929.71000000,3103.90000000,2822.64000000,3018.48000000,3018.48000000,156965
2024-07-09,3017.22000000,3119.10000000,3003.55000000,3066.50000000,3066.50000000,71564
2024-07-10,3066.50000000,3158.50000000,3023.80000000,3100.30000000,3100.30000000,77072
2024-07-11,3102.21000000,3223.50000000,3055.00000000,3099.29000000,3099.29000000,90534
2024-07-12,3099.35000000,3163.30000000,3045.80000000,3135.05000000,3135.05000000,60641
2024-07-13,3134.84000000,3210.00000000,3114.15000000,3176.71000000,3176.71000000,32891
2024-07-14,3176.66000000,3275.00000000,3164.66000000,3246.38000000,3246.38000000,49954
2024-07-15,3246.38000000,3500.00000000,3233.86000000,3485.87000000,3485.87000000,130895
2024-07-16,3486.38000000,3503.50000000,3348.00000000,3446.67000000,3446.67000000,106167
2024-07-17,3442.99000000,3521.70000000,3376.50000000,3387.45000000,3387.45000000,81434
2024-07-18,3387.10000000,3493.20000000,3367.65000000,3425.58000000,3425.58000000,72694
2024-07-19,3425.49000000,3546.60000000,3375.99000000,3505.75000000,3505.75000000,96788
2024-07-20,3505.52000000,3544.50000000,3482.03000000,3519.06000000,3519.06000000,35604
2024-07-21,3518.01000000,3551.70000000,3412.19000000,3536.20000000,3536.20000000,53273
2024-07-22,3534.57000000,3566.40000000,3423.94000000,3441.10000000,3441.10000000,66663
2024-07-23,3441.07000000,3548.10000000,3390.00000000,3482.90000000,3482.90000000,154602
2024-07-24,3480.97000000,3501.90000000,3299.16000000,3334.99000000,3334.99000000,128757
2024-07-25,3336.11000000,3347.70000000,3086.13000000,3174.30000000,3174.30000000,225379
2024-07-26,3173.35000000,3292.70000000,3169.59000000,3274.95000000,3274.95000000,102306
2024-07-27,3274.94000000,3333.00000000,3190.57000000,3249.25000000,3249.25000000,65489
2024-07-28,3249.23000000,3292.50000000,3198.23000000,3269.98000000,3269.98000000,33961
2024-07-29,3269.63000000,3403.70000000,3256.68000000,3317.55000000,3317.55000000,125390
2024-07-30,3318.82000000,3372.50000000,3231.43000000,3278.27000000,3278.27000000,95402
2024-07-31,3278.42000000,3354.80000000,3213.00000000,3231.81000000,3231.81000000,101371
2024-08-01,3231.38000000,3246.80000000,3077.17000000,3200.54000000,3200.54000000,129171
2024-08-02,3201.94000000,3223.00000000,2964.01000000,2985.84000000,2985.84000000,144037
2024-08-03,2985.96000000,3021.20000000,2857.35000000,2901.72000000,2901.72000000,95596
2024-08-04,2902.20000000,2940.30000000,2626.17000000,2688.31000000,2688.31000000,135150
2024-08-05,2687.18000000,2700.10000000,1911.81000000,2420.37000000,2420.37000000,871243
2024-08-06,2420.79000000,2559.90000000,2415.69000000,2462.52000000,2462.52000000,266166
2024-08-07,2462.53000000,2556.90000000,2308.94000000,2343.66000000,2343.66000000,235213
2024-08-08,2343.40000000,2725.70000000,2321.07000000,2683.59000000,2683.59000000,253763
2024-08-09,2685.28000000,2710.30000000,2553.08000000,2599.94000000,2599.94000000,135890
2024-08-10,2600.19000000,2647.30000000,2577.61000000,2609.20000000,2609.20000000,36621
2024-08-11,2609.21000000,2723.50000000,2539.84000000,2555.58000000,2555.58000000,65002
2024-08-12,2555.79000000,2757.00000000,2509.58000000,2723.00000000,2723.00000000,138333
2024-08-13,2727.90000000,2742.70000000,2611.59000000,2703.49000000,2703.49000000,104134
2024-08-14,2703.01000000,2784.60000000,2633.76000000,2661.67000000,2661.67000000,142388
2024-08-15,2664.16000000,2678.10000000,2514.38000000,2570.50000000,2570.50000000,134647
2024-08-16,2570.22000000,2634.30000000,2550.93000000,2593.75000000,2593.75000000,88938
2024-08-17,2593.75000000,2632.90000000,2588.17000000,2614.64000000,2614.64000000,20198
2024-08-18,2614.64000000,2692.10000000,2594.34000000,2612.68000000,2612.68000000,53608
2024-08-19,2612.70000000,2653.00000000,2561.87000000,2637.15000000,2637.15000000,64557
2024-08-20,2637.86000000,2699.40000000,2555.26000000,2573.04000000,2573.04000000,99915
2024-08-21,2573.05000000,2666.70000000,2536.49000000,2631.14000000,2631.14000000,81459
2024-08-22,2631.18000000,2648.20000000,2584.59000000,2623.30000000,2623.30000000,61545
2024-08-23,2627.30000000,2803.60000000,2621.38000000,2764.73000000,2764.73000000,113784
2024-08-24,2767.70000000,2823.30000000,2732.75000000,2769.00000000,2769.00000000,64339
2024-08-25,2769.77000000,2796.40000000,2734.52000000,2747.00000000,2747.00000000,33552
2024-08-26,2747.01000000,2766.40000000,2667.25000000,2680.77000000,2680.77000000,71022
2024-08-27,2684.90000000,2704.30000000,2393.38000000,2458.22000000,2458.22000000,137544
2024-08-28,2458.44000000,2560.60000000,2418.63000000,2528.51000000,2528.51000000,145622
2024-08-29,2528.37000000,2601.10000000,2503.09000000,2528.61000000,2528.61000000,89238
2024-08-30,2528.62000000,2556.10000000,2430.25000000,2525.74000000,2525.74000000,105351
2024-08-31,2526.84000000,2540.00000000,2492.03000000,2512.62000000,2512.62000000,18275
2024-09-01,2512.65000000,2522.40000000,2399.20000000,2425.90000000,2425.90000000,61666
2024-09-02,2425.78000000,2571.00000000,2423.56000000,2537.81000000,2537.81000000,73113
2024-09-03,2538.49000000,2557.90000000,2410.52000000,2424.18000000,2424.18000000,74437
2024-09-04,2424.81000000,2493.40000000,2307.12000000,2450.08000000,2450.08000000,134282
2024-09-05,2450.40000000,2472.00000000,2347.19000000,2367.80000000,2367.80000000,88348
2024-09-06,2368.17000000,2413.60000000,2150.00000000,2224.46000000,2224.46000000,197039
2024-09-07,2224.45000000,2317.90000000,2221.01000000,2273.10000000,2273.10000000,61797
2024-09-08,2273.11000000,2339.30000000,2240.82000000,2297.47000000,2297.47000000,57227
2024-09-09,2297.31000000,2383.00000000,2273.00000000,2360.10000000,2360.10000000,105244
2024-09-10,2359.08000000,2403.40000000,2320.91000000,2388.26000000,2388.26000000,71363
2024-09-11,2387.78000000,2393.80000000,2278.81000000,2339.99000000,2339.99000000,13377
2024-09-12,2340.00000000,2396.50000000,2315.98000000,2361.34000000,2361.34000000,8712
2024-09-13,2361.34000000,2469.10000000,2338.17000000,2440.89000000,2440.89000000,12372
2024-09-14,2441.43000000,2444.50000000,2381.00000000,2416.99000000,2416.99000000,11768
2024-09-15,2417.00000000,2436.30000000,2286.06000000,2323.20000000,2323.20000000,6882
2024-09-16,2316.26000000,2340.20000000,2253.06000000,2295.03000000,2295.03000000,11701
2024-09-17,2295.03000000,2396.40000000,2262.99000000,2342.10000000,2342.10000000,99281
2024-09-18,2341.69000000,2379.60000000,2277.05000000,2374.59000000,2374.59000000,109171
2024-09-19,2374.47000000,2498.00000000,2372.73000000,2465.84000000,2465.84000000,133354
2024-09-20,2464.52000000,2576.30000000,2437.49000000,2562.02000000,2562.02000000,143736
2024-09-21,2562.10000000,2623.53000000,2528.75000000,2613.16000000,2613.16000000,79552
2024-09-22,2615.01000000,2633.20000000,2525.00000000,2580.92000000,2580.92000000,68466
2024-09-23,2582.00000000,2708.80000000,2539.64000000,2646.72000000,2646.72000000,144997
2024-09-24,2647.16000000,2675.80000000,2591.67000000,2653.31000000,2653.31000000,118077
2024-09-25,2653.14000000,2678.70000000,2553.93000000,2579.25000000,2579.25000000,85795
2024-09-26,2579.15000000,2670.10000000,2558.84000000,2632.53000000,2632.53000000,88977
2024-09-27,2632.14000000,2732.10000000,2615.45000000,2695.37000000,2695.37000000,113415
2024-09-28,2695.01000000,2710.10000000,2650.16000000,2675.79000000,2675.79000000,30721
2024-09-29,2675.74000000,2689.10000000,2634.38000000,2657.89000000,2657.89000000,33301
2024-09-30,2658.03000000,2668.90000000,2573.89000000,2601.27000000,2601.27000000,84693
2024-10-01,2602.42000000,2663.40000000,2413.11000000,2447.55000000,2447.55000000,181640
2024-10-02,2447.38000000,2504.10000000,2351.92000000,2363.76000000,2363.76000000,107904
2024-10-03,2363.92000000,2406.00000000,2309.17000000,2349.96000000,2349.96000000,85465
2024-10-04,2349.46000000,2445.20000000,2338.96000000,2414.43000000,2414.43000000,75055
2024-10-05,2414.59000000,2432.80000000,2389.68000000,2414.51000000,2414.51000000,22264
2024-10-06,2414.76000000,2458.70000000,2406.00000000,2439.83000000,2439.83000000,25838
2024-10-07,2439.82000000,2522.30000000,2402.32000000,2421.68000000,2421.68000000,92690
2024-10-08,2421.68000000,2467.30000000,2399.24000000,2439.48000000,2439.48000000,69068
2024-10-09,2439.23000000,2475.00000000,2349.63000000,2368.66000000,2368.66000000,78265
2024-10-10,2368.35000000,2422.10000000,2327.83000000,2384.32000000,2384.32000000,100541
2024-10-11,2383.97000000,2472.30000000,2378.70000000,2438.77000000,2438.77000000,88541
2024-10-12,2436.87000000,2493.70000000,2433.43000000,2475.79000000,2475.79000000,33307
2024-10-13,2477.11000000,2488.00000000,2435.88000000,2467.68000000,2467.68000000,35946
2024-10-14,2466.40000000,2656.10000000,2442.42000000,2628.74000000,2628.74000000,153425
2024-10-15,2628.14000000,2687.70000000,2536.47000000,2606.63000000,2606.63000000,166761
2024-10-16,2605.99000000,2648.10000000,2588.05000000,2610.54000000,2610.54000000,109593
2024-10-17,2610.43000000,2648.40000000,2574.29000000,2604.91000000,2604.91000000,75113
2024-10-18,2604.90000000,2676.07000000,2594.79000000,2641.98000000,2641.98000000,93909
2024-10-19,2642.00000000,2662.99000000,2630.82000000,2647.97000000,2647.97000000,21896
2024-10-20,2648.53000000,2758.60000000,2635.16000000,2746.22000000,2746.22000000,55609
2024-10-21,2745.33000000,2769.50000000,2653.94000000,2665.35000000,2665.35000000,80783
2024-10-22,2665.78000000,2672.90000000,2603.37000000,2620.84000000,2620.84000000,84194
2024-10-23,2620.84000000,2626.29000000,2445.86000000,2521.94000000,2521.94000000,94163
2024-10-24,2523.57000000,2561.20000000,2504.70000000,2534.07000000,2534.07000000,83338
2024-10-25,2534.23000000,2566.70000000,2379.35000000,2436.01000000,2436.01000000,158225
2024-10-26,2436.73000000,2506.30000000,2425.54000000,2479.49000000,2479.49000000,51917
2024-10-27,2478.87000000,2527.70000000,2460.47000000,2504.69000000,2504.69000000,39468
2024-10-28,2504.72000000,2590.10000000,2468.81000000,2565.66000000,2565.66000000,121922
2024-10-29,2564.97000000,2681.78000000,2559.30000000,2637.85000000,2637.85000000,151211
2024-10-30,2636.09000000,2723.90000000,2594.97000000,2658.16000000,2658.16000000,144758
2024-10-31,2656.20000000,2669.80000000,2500.00000000,2515.07000000,2515.07000000,108323
2024-11-01,2515.09000000,2585.30000000,2464.83000000,2510.27000000,2510.27000000,101145
2024-11-02,2512.19000000,2524.20000000,2469.70000000,2493.44000000,2493.44000000,33449
2024-11-03,2491.78000000,2496.01000000,2409.53000000,2456.57000000,2456.57000000,74500
2024-11-04,2459.00000000,2491.40000000,2355.43000000,2397.00000000,2397.00000000,78498
2024-11-05,2395.92000000,2482.40000000,2379.30000000,2422.24000000,2422.24000000,106423
2024-11-06,2422.26000000,2746.83000000,2420.14000000,2724.27000000,2724.27000000,291468
2024-11-07,2723.26000000,2920.62000000,2700.50000000,2897.65000000,2897.65000000,269257
2024-11-08,2896.95000000,2986.13000000,2887.90000000,2964.09000000,2964.09000000,210923
2024-11-09,2963.10000000,3158.83000000,2955.00000000,3127.97000000,3127.97000000,145490
2024-11-10,3128.19000000,3251.25000000,3069.19000000,3186.07000000,3186.07000000,224831
2024-11-11,3183.90000000,3391.61000000,3106.40000000,3375.78000000,3375.78000000,323162
2024-11-12,3375.76000000,3446.98000000,3208.13000000,3247.21000000,3247.21000000,329328
2024-11-13,3247.54000000,3340.17000000,3117.80000000,3191.45000000,3191.45000000,265324
2024-11-14,3191.47000000,3242.75000000,3028.32000000,3059.04000000,3059.04000000,181736
2024-11-15,3059.55000000,3131.80000000,2982.00000000,3090.76000000,3090.76000000,174832
2024-11-16,3090.48000000,3220.00000000,3071.70000000,3134.25000000,3134.25000000,92218
2024-11-17,3103.35000000,3106.89000000,3043.05000000,3075.31000000,3075.31000000,18455
2024-11-18,3131.93000000,3226.80000000,3123.29000000,3206.96000000,3206.96000000,33515
2024-11-19,3121.70000000,3134.85000000,3066.00000000,3110.03000000,3110.03000000,29064
2024-11-20,3052.46000000,3095.69000000,3044.70000000,3072.50000000,3072.50000000,23780
2024-11-21,3072.07000000,3390.35000000,3034.15000000,3359.90000000,3359.90000000,315615
2024-11-22,3360.90000000,3429.69000000,3256.20000000,3331.77000000,3331.77000000,199405
2024-11-23,3332.16000000,3500.00000000,3304.40000000,3397.51000000,3397.51000000,190369
2024-11-24,3329.03000000,3375.00000000,3325.40000000,3361.07000000,3361.07000000,750265
2024-11-25,3364.53000000,3546.99000000,3297.20000000,3414.72000000,3414.72000000,293062
2024-11-26,3413.65000000,3466.10000000,3252.60000000,3323.32000000,3323.32000000,188225
2024-11-27,3323.34000000,3688.54000000,3300.76000000,3657.63000000,3657.63000000,266986
2024-11-28,3657.17000000,3665.28000000,3530.02000000,3579.11000000,3579.11000000,138167
2024-11-29,3579.53000000,3650.00000000,3535.69000000,3593.67000000,3593.67000000,154241
2024-11-30,3593.83000000,3741.10000000,3569.63000000,3706.35000000,3706.35000000,132167
2024-12-01,3706.12000000,3748.29000000,3661.12000000,3710.24000000,3710.24000000,113130
2024-12-02,3711.30000000,3761.70000000,3561.80000000,3644.50000000,3644.50000000,8506
2024-12-03,3644.76000000,3673.20000000,3502.29000000,3617.59000000,3617.59000000,199354
2024-12-04,3620.40000000,3894.50000000,3620.40000000,3839.50000000,3839.50000000,23852
2024-12-05,3843.84000000,3960.00000000,3651.70000000,3788.93000000,3788.93000000,314017
2024-12-06,3789.07000000,4096.00000000,3775.90000000,4004.83000000,4004.83000000,251357
2024-12-07,4005.37000000,4030.27000000,3971.20000000,4000.01000000,4000.01000000,85033
2024-12-08,4000.28000000,4018.50000000,3926.45000000,4006.75000000,4006.75000000,69483
2024-12-09,4007.90000000,4009.00000000,3464.10000000,3724.00000000,3724.00000000,26577
2024-12-10,3716.27000000,3785.00000000,3516.00000000,3630.34000000,3630.34000000,266795
2024-12-11,3630.25000000,3851.87000000,3564.36000000,3835.08000000,3835.08000000,187020
2024-12-12,3834.00000000,3989.22000000,3797.60000000,3882.68000000,3882.68000000,190316
2024-12-13,3882.69000000,3969.32000000,3853.30000000,3907.75000000,3907.75000000,138087
2024-12-14,3907.89000000,3945.29000000,3823.40000000,3869.25000000,3869.25000000,59403
2024-12-15,3869.32000000,3973.71000000,3831.09000000,3957.70000000,3957.70000000,69899
2024-12-16,3955.82000000,4109.00000000,3879.30000000,3987.60000000,3987.60000000,226667
2024-12-17,3987.53000000,4041.76000000,3843.90000000,3893.54000000,3893.54000000,153497
2024-12-18,3893.44000000,3907.71000000,3615.38000000,3624.84000000,3624.84000000,230243
2024-12-19,3624.85000000,3720.30000000,3322.19000000,3414.35000000,3414.35000000,350890
2024-12-20,3418.69000000,3500.00000000,3095.65000000,3473.08000000,3473.08000000,427664
2024-12-21,3470.47000000,3553.49000000,3291.31000000,3337.09000000,3337.09000000,124811
2024-12-22,3337.39000000,3405.00000000,3217.84000000,3278.60000000,3278.60000000,94742
2024-12-23,3276.70000000,3469.00000000,3213.85000000,3418.12000000,3418.12000000,204108
2024-12-24,3418.13000000,3542.10000000,3353.08000000,3491.13000000,3491.13000000,123268
2024-12-25,3490.91000000,3549.00000000,3437.42000000,3493.95000000,3493.95000000,48310
2024-12-26,3494.01000000,3515.30000000,3301.06000000,3330.86000000,3330.86000000,137105
2024-12-27,3330.89000000,3444.10000000,3301.27000000,3328.60000000,3328.60000000,142497
2024-12-28,3327.94000000,3434.50000000,3316.91000000,3397.87000000,3397.87000000,42081
2024-12-29,3397.90000000,3418.10000000,3320.00000000,3350.23000000,3350.23000000,42581
2024-12-30,3349.50000000,3438.00000000,3293.10000000,3355.66000000,3355.66000000,149417
2024-12-31,3325.29000000,3454.20000000,3310.00000000,3331.27000000,3331.27000000,126812
2025-01-01,3344.20000000,3378.90000000,3320.80000000,3365.50000000,3365.50000000,1869
2025-01-02,3366.00000000,3514.00000000,3359.70000000,3458.20000000,3458.20000000,2718
2025-01-03,3452.31000000,3631.70000000,3420.62000000,3607.68000000,3607.68000000,127939
2025-01-04,3607.28000000,3671.20000000,3571.29000000,3656.40000000,3656.40000000,61065
2025-01-05,3657.59000000,3676.00000000,3593.37000000,3635.46000000,3635.46000000,44709
2025-01-06,3635.45000000,3746.00000000,3609.58000000,3688.74000000,3688.74000000,123545
2025-01-07,3688.58000000,3702.24000000,3356.00000000,3380.29000000,3380.29000000,187391
2025-01-08,3380.67000000,3416.20000000,3206.95000000,3326.29000000,3326.29000000,163827
2025-01-09,3331.60000000,3361.10000000,3157.00000000,3218.81000000,3218.81000000,156532
2025-01-10,3218.80000000,3326.20000000,3194.40000000,3266.53000000,3266.53000000,131852
2025-01-11,3266.06000000,3322.80000000,3217.61000000,3282.01000000,3282.01000000,38086
2025-01-12,3282.00000000,3302.30000000,3223.07000000,3266.02000000,3266.02000000,45263
2025-01-13,3265.24000000,3339.50000000,2913.75000000,3136.08000000,3136.08000000,245872
2025-01-14,3136.15000000,3259.10000000,3124.20000000,3223.97000000,3223.97000000,116498
2025-01-15,3224.35000000,3475.14000000,3185.25000000,3451.58000000,3451.58000000,173432
2025-01-16,3451.57000000,3460.60000000,3262.69000000,3307.73000000,3307.73000000,171067
2025-01-17,3307.83000000,3527.00000000,3306.82000000,3473.69000000,3473.69000000,188658
2025-01-18,3473.69000000,3496.48000000,3224.29000000,3304.07000000,3304.07000000,185362
2025-01-19,3304.09000000,3447.00000000,3125.40000000,3210.03000000,3210.03000000,371153
2025-01-20,3211.85000000,3451.80000000,3139.61000000,3280.40000000,3280.40000000,356543
2025-01-21,3279.03000000,3368.90000000,3200.98000000,3327.57000000,3327.57000000,186471
2025-01-22,3327.23000000,3366.10000000,3220.01000000,3241.35000000,3241.35000000,111622
2025-01-23,3253.08000000,3349.15000000,3179.80000000,3336.07000000,3336.07000000,184440
2025-01-24,3338.84000000,3442.40000000,3275.41000000,3309.92000000,3309.92000000,181346
2025-01-25,3309.92000000,3350.27000000,3269.06000000,3318.37000000,3318.37000000,65861
2025-01-26,3318.38000000,3361.16000000,3227.68000000,3231.48000000,3231.48000000,82435
2025-01-27,3232.10000000,3254.70000000,3001.00000000,3181.93000000,3181.93000000,252807
2025-01-28,3179.99000000,3226.10000000,3037.75000000,3076.06000000,3076.06000000,131649
2025-01-29,3117.23000000,3181.99000000,3053.94000000,3114.00000000,3114.00000000,169860
2025-01-30,3114.03000000,3285.90000000,3090.89000000,3247.48000000,3247.48000000,133563
2025-01-31,3247.32000000,3438.96000000,3213.36000000,3300.25000000,3300.25000000,206042
2025-02-01,3300.25000000,3330.90000000,3101.28000000,3116.78000000,3116.78000000,97974
2025-02-02,3118.80000000,3163.70000000,2747.80000000,2869.25000000,2869.25000000,288957
2025-02-03,2869.40000000,2924.60000000,2100.00000000,2885.15000000,2885.15000000,1028432
2025-02-04,2883.04000000,2892.22000000,2632.20000000,2732.07000000,2732.07000000,421366
2025-02-05,2732.07000000,2827.94000000,2699.60000000,2788.30000000,2788.30000000,227161
2025-02-06,2788.62000000,2859.20000000,2655.30000000,2688.84000000,2688.84000000,243906
2025-02-07,2687.06000000,2799.59000000,2562.36000000,2622.95000000,2622.95000000,214501
2025-02-08,2622.97000000,2668.40000000,2588.13000000,2632.62000000,2632.62000000,143814
2025-02-09,2633.01000000,2700.00000000,2522.16000000,2628.73000000,2628.73000000,141492
2025-02-10,2628.76000000,2695.50000000,2560.35000000,2661.96000000,2661.96000000,136014
2025-02-11,2661.25000000,2756.91000000,2560.49000000,2602.03000000,2602.03000000,149732
2025-02-12,2602.08000000,2798.50000000,2548.00000000,2737.85000000,2737.85000000,185971
2025-02-13,2737.86000000,2759.20000000,2613.25000000,2676.09000000,2676.09000000,170646
2025-02-14,2676.26000000,2793.44000000,2664.64000000,2726.32000000,2726.32000000,152669
2025-02-15,2725.87000000,2739.55000000,2664.22000000,2693.58000000,2693.58000000,47149
2025-02-16,2693.00000000,2726.58000000,2652.55000000,2661.51000000,2661.51000000,60699
2025-02-17,2663.01000000,2853.10000000,2638.43000000,2742.99000000,2742.99000000,160705
2025-02-18,2743.00000000,2760.90000000,2604.48000000,2670.59000000,2670.59000000,159495
2025-02-19,2669.75000000,2740.50000000,2654.68000000,2715.27000000,2715.27000000,117662
2025-02-20,2715.01000000,2773.40000000,2707.15000000,2738.65000000,2738.65000000,98371
2025-02-21,2739.34000000,2847.90000000,2614.08000000,2661.69000000,2661.69000000,324544
2025-02-22,2667.20000000,2800.80000000,2652.08000000,2763.50000000,2763.50000000,102126
2025-02-23,2763.34000000,3021.60000000,2745.50000000,2819.63000000,2819.63000000,133407
2025-02-24,2819.77000000,2844.30000000,2471.74000000,2513.35000000,2513.35000000,261520
2025-02-25,2513.33000000,2540.10000000,2310.00000000,2492.37000000,2492.37000000,449730
2025-02-26,2492.86000000,2511.90000000,2251.01000000,2332.93000000,2332.93000000,266088
2025-02-27,2332.98000000,2387.50000000,2227.04000000,2305.21000000,2305.21000000,184283
2025-02-28,2305.41000000,2320.10000000,2073.34000000,2236.36000000,2236.36000000,400878
2025-03-01,2236.42000000,2287.50000000,2142.04000000,2216.51000000,2216.51000000,105396
2025-03-02,2216.67000000,2556.40000000,2172.59000000,2519.77000000,2519.77000000,373463
2025-03-03,2519.77000000,2529.70000000,2094.27000000,2147.53000000,2147.53000000,363339
2025-03-04,2147.59000000,2226.90000000,1990.68000000,2170.99000000,2170.99000000,477573
2025-03-05,2170.96000000,2278.40000000,2154.64000000,2241.22000000,2241.22000000,190713
2025-03-06,2241.63000000,2324.40000000,2176.00000000,2202.42000000,2202.42000000,175743
2025-03-07,2202.20000000,2262.30000000,2102.21000000,2140.81000000,2140.81000000,288983
2025-03-08,2139.49000000,2241.20000000,2104.67000000,2203.03000000,2203.03000000,74768
2025-03-09,2203.18000000,2218.30000000,1988.30000000,2019.51000000,2019.51000000,159060
2025-03-10,2020.02000000,2156.20000000,1809.49000000,1864.12000000,1864.12000000,420278
2025-03-11,1864.52000000,1967.60000000,1753.01000000,1923.08000000,1923.08000000,379359
2025-03-12,1923.02000000,1960.60000000,1829.49000000,1907.93000000,1907.93000000,254602
2025-03-13,1907.88000000,1925.90000000,1820.86000000,1863.81000000,1863.81000000,175547
2025-03-14,1862.99000000,1950.00000000,1860.46000000,1911.65000000,1911.65000000,110498
2025-03-15,1910.01000000,1961.80000000,1903.69000000,1937.61000000,1937.61000000,43971
2025-03-16,1936.81000000,1944.60000000,1860.49000000,1886.80000000,1886.80000000,60087
2025-03-17,1887.10000000,1954.80000000,1879.80000000,1926.28000000,1926.28000000,92267
2025-03-18,1926.26000000,1940.90000000,1871.64000000,1931.25000000,1931.25000000,110924
2025-03-19,1937.20000000,2073.40000000,1927.63000000,2057.06000000,2057.06000000,226128
2025-03-20,2056.71000000,2072.00000000,1951.12000000,1982.67000000,1982.67000000,141037
2025-03-21,1981.61000000,1998.00000000,1935.91000000,1964.98000000,1964.98000000,94556
2025-03-22,1965.04000000,2007.60000000,1963.76000000,1980.35000000,1980.35000000,47651
2025-03-23,1980.15000000,2023.40000000,1976.60000000,2005.97000000,2005.97000000,62461
2025-03-24,2005.13000000,2106.80000000,1977.42000000,2081.62000000,2081.62000000,162894
2025-03-25,2081.37000000,2099.60000000,2037.39000000,2066.78000000,2066.78000000,88955
2025-03-26,2066.36000000,2081.60000000,1981.40000000,2009.72000000,2009.72000000,139292
2025-03-27,2009.64000000,2040.30000000,1986.83000000,2003.32000000,2003.32000000,96883
2025-03-28,2002.09000000,2017.50000000,1860.00000000,1895.61000000,1895.61000000,252073
2025-03-29,1896.00000000,1917.90000000,1796.04000000,1827.39000000,1827.39000000,118350
2025-03-30,1827.69000000,1852.50000000,1767.10000000,1807.31000000,1807.31000000,120223
2025-03-31,1807.51000000,1857.20000000,1776.43000000,1822.03000000,1822.03000000,165192
2025-04-01,1822.06000000,1928.20000000,1817.71000000,1905.13000000,1905.13000000,174566
2025-04-02,1905.13000000,1956.55000000,1781.21000000,1794.70000000,1794.70000000,283784
2025-04-03,1794.77000000,1845.09000000,1746.70000000,1816.36000000,1816.36000000,211025
2025-04-04,1815.62000000,1835.49000000,1758.50000000,1816.39000000,1816.39000000,239837
2025-04-05,1816.34000000,1826.71000000,1764.10000000,1805.09000000,1805.09000000,47065
2025-04-06,1805.16000000,1817.30000000,1535.06000000,1579.77000000,1579.77000000,319520
2025-04-07,1579.80000000,1638.82000000,1410.70000000,1552.64000000,1552.64000000,781942
2025-04-08,1552.37000000,1619.00000000,1444.37000000,1471.99000000,1471.99000000,297516
2025-04-09,1471.99000000,1688.99000000,1383.26000000,1669.27000000,1669.27000000,464622
2025-04-10,1669.60000000,1669.60000000,1471.63000000,1521.51000000,1521.51000000,308558
2025-04-11,1521.32000000,1591.01000000,1503.50000000,1566.13000000,1566.13000000,182512
2025-04-12,1566.22000000,1668.88000000,1544.36000000,1643.85000000,1643.85000000,113201
2025-04-13,1643.35000000,1649.37000000,1560.00000000,1597.04000000,1597.04000000,141481
2025-04-14,1596.65000000,1691.00000000,1595.06000000,1624.03000000,1624.03000000,158719
2025-04-15,1622.99000000,1660.98000000,1583.03000000,1588.64000000,1588.64000000,133823
2025-04-16,1588.62000000,1613.59000000,1538.02000000,1577.27000000,1577.27000000,147834
2025-04-17,1577.30000000,1616.85000000,1562.35000000,1583.83000000,1583.83000000,109258
2025-04-18,1582.48000000,1600.74000000,1572.10000000,1588.57000000,1588.57000000,45781
2025-04-19,1588.34000000,1630.98000000,1584.50000000,1612.87000000,1612.87000000,59679
2025-04-20,1612.97000000,1619.14000000,1562.90000000,1587.32000000,1587.32000000,78776
2025-04-21,1587.42000000,1658.55000000,1563.00000000,1579.55000000,1579.55000000,167289
2025-04-22,1580.07000000,1778.92000000,1536.00000000,1757.00000000,1757.00000000,371409
2025-04-23,1755.50000000,1835.74000000,1744.00000000,1795.92000000,1795.92000000,303904
2025-04-24,1796.05000000,1803.33000000,1723.01000000,1770.41000000,1770.41000000,183366
2025-04-25,1770.42000000,1828.90000000,1740.00000000,1785.95000000,1785.95000000,217514
2025-04-26,1785.80000000,1841.80000000,1779.84000000,1821.60000000,1821.60000000,91429
2025-04-27,1821.80000000,1857.85000000,1782.90000000,1791.88000000,1791.88000000,82294
2025-04-28,1791.82000000,1829.00000000,1744.90000000,1800.26000000,1800.26000000,229794
2025-04-29,1799.56000000,1844.10000000,1780.60000000,1798.21000000,1798.21000000,161307
2025-04-30,1798.20000000,1817.43000000,1732.44000000,1793.79000000,1793.79000000,150024
2025-05-01,1793.87000000,1874.48000000,1792.67000000,1838.82000000,1838.82000000,160072
2025-05-02,1838.73000000,1871.95000000,1813.43000000,1842.98000000,1842.98000000,114433
2025-05-03,1843.01000000,1850.50000000,1810.38000000,1834.03000000,1834.03000000,57134
2025-05-04,1833.83000000,1852.90000000,1803.01000000,1809.00000000,1809.00000000,58621
2025-05-05,1808.95000000,1836.50000000,1781.70000000,1820.15000000,1820.15000000,101353
2025-05-06,1820.20000000,1824.40000000,1751.45000000,1817.06000000,1817.06000000,108091
2025-05-07,1817.06000000,1854.20000000,1787.01000000,1811.35000000,1811.35000000,164481
2025-05-08,1811.43000000,2231.20000000,1808.61000000,2207.09000000,2207.09000000,404119
2025-05-09,2208.06000000,2490.66000000,2184.39000000,2345.29000000,2345.29000000,440035
2025-05-10,2345.61000000,2600.60000000,2317.73000000,2583.80000000,2583.80000000,253041
2025-05-11,2583.09000000,2609.00000000,2434.80000000,2514.79000000,2514.79000000,183386
2025-05-12,2515.12000000,2625.00000000,2407.41000000,2495.40000000,2495.40000000,310392
2025-05-13,2495.41000000,2739.05000000,2415.65000000,2679.88000000,2679.88000000,261001
2025-05-14,2680.20000000,2725.00000000,2547.75000000,2610.31000000,2610.31000000,226332
2025-05-15,2610.47000000,2647.10000000,2473.80000000,2548.84000000,2548.84000000,202154
2025-05-16,2548.66000000,2648.88000000,2528.80000000,2538.02000000,2538.02000000,158042
2025-05-17,2537.90000000,2539.48000000,2446.60000000,2476.11000000,2476.11000000,95184
2025-05-18,2475.75000000,2588.25000000,2308.00000000,2498.24000000,2498.24000000,172305
2025-05-19,2498.63000000,2547.73000000,2349.60000000,2528.71000000,2528.71000000,252626
2025-05-20,2528.75000000,2588.58000000,2444.00000000,2525.05000000,2525.05000000,160448
2025-05-21,2524.82000000,2617.15000000,2442.69000000,2551.73000000,2551.73000000,276525
2025-05-22,2552.12000000,2692.99000000,2545.40000000,2665.39000000,2665.39000000,268302
2025-05-23,2665.59000000,2734.04000000,2498.90000000,2526.82000000,2526.82000000,277415
2025-05-24,2526.82000000,2577.57000000,2513.10000000,2530.99000000,2530.99000000,55958
2025-05-25,2531.34000000,2555.30000000,2458.30000000,2552.32000000,2552.32000000,76542
2025-05-26,2552.44000000,2602.50000000,2526.00000000,2564.32000000,2564.32000000,75310
2025-05-27,2563.64000000,2713.78000000,2510.54000000,2662.04000000,2662.04000000,227209
2025-05-28,2662.18000000,2690.33000000,2606.90000000,2682.16000000,2682.16000000,179089
2025-05-29,2682.40000000,2789.50000000,2618.40000000,2631.68000000,2631.68000000,253690
2025-05-30,2631.27000000,2649.91000000,2507.80000000,2531.94000000,2531.94000000,176014
2025-05-31,2531.92000000,2551.67000000,2476.84000000,2529.31000000,2529.31000000,79051
2025-06-01,2529.31000000,2550.00000000,2469.00000000,2540.38000000,2540.38000000,75643
2025-06-02,2540.63000000,2616.87000000,2476.05000000,2609.29000000,2609.29000000,165771
2025-06-03,2608.14000000,2657.74000000,2574.20000000,2595.03000000,2595.03000000,218611
2025-06-04,2595.03000000,2681.00000000,2582.40000000,2608.18000000,2608.18000000,161122
2025-06-05,2609.19000000,2642.53000000,2392.16000000,2415.34000000,2415.34000000,269444
2025-06-06,2416.64000000,2533.09000000,2384.00000000,2478.24000000,2478.24000000,161140
2025-06-07,2478.38000000,2545.60000000,2457.88000000,2526.14000000,2526.14000000,54602
2025-06-08,2525.54000000,2549.60000000,2492.70000000,2510.78000000,2510.78000000,48097
2025-06-09,2511.12000000,2696.49000000,2479.09000000,2681.29000000,2681.29000000,155842
2025-06-10,2681.06000000,2827.18000000,2655.10000000,2816.32000000,2816.32000000,340803
2025-06-11,2816.69000000,2880.51000000,2743.00000000,2772.39000000,2772.39000000,232900
2025-06-12,2772.39000000,2785.93000000,2615.00000000,2643.80000000,2643.80000000,192752
2025-06-13,2643.81000000,2646.79000000,2439.17000000,2580.21000000,2580.21000000,346113
2025-06-14,2580.25000000,2580.86000000,2489.95000000,2531.97000000,2531.97000000,80070
2025-06-15,2531.98000000,2562.20000000,2492.42000000,2548.03000000,2548.03000000,64244
2025-06-16,2547.47000000,2682.20000000,2515.23000000,2545.27000000,2545.27000000,210677
2025-06-17,2545.53000000,2619.44000000,2454.00000000,2510.11000000,2510.11000000,190609
2025-06-18,2510.11000000,2550.00000000,2466.05000000,2525.54000000,2525.54000000,117805
2025-06-19,2525.49000000,2549.90000000,2485.37000000,2521.52000000,2521.52000000,61038
2025-06-20,2521.43000000,2570.40000000,2366.73000000,2407.20000000,2407.20000000,168604
2025-06-21,2407.20000000,2450.50000000,2217.06000000,2296.29000000,2296.29000000,132968
2025-06-22,2297.26000000,2315.50000000,2113.00000000,2228.46000000,2228.46000000,278364
2025-06-23,2228.46000000,2442.18000000,2189.11000000,2413.00000000,2413.00000000,261368
2025-06-24,2412.81000000,2483.38000000,2377.79000000,2449.87000000,2449.87000000,187185
2025-06-25,2449.74000000,2470.19000000,2389.50000000,2420.09000000,2420.09000000,146508
2025-06-26,2420.09000000,2521.67000000,2395.00000000,2417.40000000,2417.40000000,133848
2025-06-27,2416.22000000,2464.69000000,2380.39000000,2424.20000000,2424.20000000,112892
2025-06-28,2424.24000000,2448.97000000,2405.80000000,2437.08000000,2437.08000000,35251
2025-06-29,2437.08000000,2526.27000000,2413.10000000,2500.69000000,2500.69000000,56859
2025-06-30,2500.70000000,2524.85000000,2433.97000000,2486.15000000,2486.15000000,133716
2025-07-01,2486.16000000,2502.50000000,2386.20000000,2405.32000000,2405.32000000,99622
2025-07-02,2405.41000000,2621.20000000,2372.62000000,2571.13000000,2571.13000000,201061
2025-07-03,2570.50000000,2639.50000000,2557.21000000,2592.13000000,2592.13000000,149753
2025-07-04,2591.36000000,2605.90000000,2475.00000000,2508.80000000,2508.80000000,97640
2025-07-05,2508.00000000,2532.80000000,2488.40000000,2517.01000000,2517.01000000,31177
2025-07-06,2516.99000000,2608.80000000,2504.27000000,2570.84000000,2570.84000000,56376
2025-07-07,2572.17000000,2593.40000000,2512.76000000,2542.38000000,2542.38000000,99000
2025-07-08,2542.39000000,2630.00000000,2523.58000000,2615.74000000,2615.74000000,127484
2025-07-09,2615.75000000,2798.00000000,2590.47000000,2769.83000000,2769.83000000,249682
2025-07-10,2769.83000000,3000.30000000,2756.22000000,2951.71000000,2951.71000000,307021
2025-07-11,2951.72000000,3040.80000000,2913.58000000,2959.12000000,2959.12000000,295522
2025-07-12,2959.22000000,2981.01000000,2900.30000000,2942.64000000,2942.64000000,78220
2025-07-13,2942.64000000,3022.00000000,2933.50000000,2973.38000000,2973.38000000,105716
2025-07-14,2973.48000000,3083.52000000,2961.20000000,3014.53000000,3014.53000000,253728
2025-07-15,3014.29000000,3146.00000000,2933.00000000,3138.01000000,3138.01000000,232879
2025-07-16,3138.79000000,3425.89000000,3101.25000000,3373.12000000,3373.12000000,360845
2025-07-17,3372.46000000,3524.00000000,3311.80000000,3479.33000000,3479.33000000,78501
2025-07-18,3479.34000000,3677.40000000,3461.68000000,3549.67000000,3549.67000000,415494
2025-07-19,3549.18000000,3610.85000000,3508.66000000,3594.30000000,3594.30000000,101748
2025-07-20,3596.18000000,3825.36000000,3580.20000000,3758.60000000,3758.60000000,201145
2025-07-21,3759.00000000,3860.80000000,3701.50000000,3763.75000000,3763.75000000,267290
2025-07-22,3764.17000000,3801.63000000,3617.47000000,3748.62000000,3748.62000000,275743
2025-07-23,3749.04000000,3766.79000000,3528.43000000,3630.34000000,3630.34000000,269839
2025-07-24,3629.00000000,3775.00000000,3507.78000000,3708.60000000,3708.60000000,274310
2025-07-25,3708.88000000,3748.00000000,3574.39000000,3725.84000000,3725.84000000,250461
2025-07-26,3725.52000000,3796.10000000,3699.02000000,3743.06000000,3743.06000000,88521
2025-07-27,3742.45000000,3882.80000000,3731.71000000,3873.92000000,3873.92000000,96130
2025-07-28,3875.01000000,3942.50000000,3753.15000000,3799.46000000,3799.46000000,236053
2025-07-29,3799.44000000,3889.80000000,3715.14000000,3793.40000000,3793.40000000,172277
2025-07-30,3792.86000000,3837.90000000,3663.75000000,3810.44000000,3810.44000000,149138
2025-07-31,3808.01000000,3883.20000000,3680.01000000,3698.07000000,3698.07000000,137921
2025-08-01,3697.85000000,3729.00000000,3429.44000000,3486.39000000,3486.39000000,299999
2025-08-02,3485.96000000,3542.40000000,3368.03000000,3392.80000000,3392.80000000,162628
2025-08-03,3392.81000000,3525.50000000,3350.00000000,3497.85000000,3497.85000000,88797
2025-08-04,3497.31000000,3738.90000000,3490.84000000,3719.99000000,3719.99000000,173801
2025-08-05,3720.00000000,3723.80000000,3544.32000000,3611.38000000,3611.38000000,177251
2025-08-06,3611.38000000,3702.50000000,3563.44000000,3683.80000000,3683.80000000,154301
2025-08-07,3683.56000000,3930.00000000,3647.87000000,3911.28000000,3911.28000000,272332
2025-08-08,3912.75000000,4073.50000000,3880.19000000,4011.00000000,4011.00000000,389938
2025-08-09,4008.37000000,4326.90000000,4007.14000000,4262.46000000,4262.46000000,270901
2025-08-10,4262.45000000,4333.13000000,4161.16000000,4251.91000000,4251.91000000,195140
2025-08-11,4251.62000000,4368.30000000,4154.90000000,4224.48000000,4224.48000000,327813
2025-08-12,4224.45000000,4638.00000000,4219.92000000,4589.88000000,4589.88000000,438734
2025-08-13,4586.10000000,4770.10000000,4561.30000000,4770.10000000,4770.10000000,22826
2025-08-14,4732.10000000,4783.90000000,4452.80000000,4551.20000000,4551.20000000,20129
2025-08-15,4549.30000000,4672.90000000,4368.45000000,4443.20000000,4443.20000000,301303
2025-08-16,4443.20000000,4496.40000000,4374.88000000,4425.13000000,4425.13000000,106971
2025-08-17,4423.99000000,4581.39000000,4397.65000000,4475.47000000,4475.47000000,127138
2025-08-18,4472.99000000,4486.30000000,4227.01000000,4315.37000000,4315.37000000,280512
2025-08-19,4318.20000000,4360.60000000,4077.00000000,4084.40000000,4084.40000000,7908
2025-08-20,4074.64000000,4384.60000000,4062.24000000,4334.99000000,4334.99000000,264024
2025-08-21,4336.42000000,4346.40000000,4203.81000000,4224.43000000,4224.43000000,164624
2025-08-22,4232.70000000,4889.80000000,4215.90000000,4836.20000000,4836.20000000,19360
2025-08-23,4830.18000000,4836.20000000,4659.21000000,4776.73000000,4776.73000000,137757
2025-08-24,4784.80000000,4958.70000000,4718.30000000,4788.10000000,4788.10000000,8740
2025-08-25,4779.52000000,4804.40000000,4335.66000000,4377.02000000,4377.02000000,265301
2025-08-26,4377.02000000,4641.60000000,4311.68000000,4601.64000000,4601.64000000,252648
2025-08-27,4601.63000000,4670.00000000,4481.39000000,4506.95000000,4506.95000000,187530
2025-08-28,4506.95000000,4638.90000000,4428.00000000,4511.30000000,4511.30000000,145426
2025-08-29,4511.30000000,4522.80000000,4268.00000000,4360.20000000,4360.20000000,201863
2025-08-30,4360.76000000,4420.80000000,4257.17000000,4374.58000000,4374.58000000,82229
2025-08-31,4374.39000000,4504.50000000,4373.06000000,4391.91000000,4391.91000000,110468
2025-09-01,4392.91000000,4494.30000000,4209.01000000,4314.76000000,4314.76000000,152600
2025-09-02,4314.87000000,4421.80000000,4256.27000000,4326.57000000,4326.57000000,181702
2025-09-03,4326.52000000,4495.60000000,4283.09000000,4452.40000000,4452.40000000,189200
2025-09-04,4450.00000000,4488.20000000,4265.30000000,4298.37000000,4298.37000000,205926
2025-09-05,4299.15000000,4498.80000000,4253.00000000,4307.65000000,4307.65000000,261734
2025-09-06,4307.65000000,4328.95000000,4233.14000000,4274.15000000,4274.15000000,71146
2025-09-07,4274.96000000,4336.44000000,4270.02000000,4305.56000000,4305.56000000,58187
2025-09-08,4305.19000000,4384.24000000,4278.78000000,4305.84000000,4305.84000000,179153
2025-09-09,4306.85000000,4387.48000000,4268.83000000,4309.93000000,4309.93000000,140088
2025-09-10,4309.94000000,4454.50000000,4283.77000000,4350.00000000,4350.00000000,187219
2025-09-11,4350.27000000,4480.92000000,4337.80000000,4460.51000000,4460.51000000,182028
2025-09-12,4460.52000000,4750.00000000,4449.80000000,4716.93000000,4716.93000000,256492
2025-09-13,4714.66000000,4768.60000000,4606.00000000,4669.00000000,4669.00000000,88063
2025-09-14,4666.17000000,4694.53000000,4579.44000000,4615.30000000,4615.30000000,67403
2025-09-15,4608.77000000,4679.70000000,4464.68000000,4524.56000000,4524.56000000,142167
2025-09-16,4524.68000000,4545.90000000,4416.70000000,4502.70000000,4502.70000000,148744
2025-09-17,4504.60000000,4641.80000000,4416.02000000,4592.17000000,4592.17000000,210604
2025-09-18,4592.17000000,4647.30000000,4555.02000000,4589.40000000,4589.40000000,150882
2025-09-19,4589.40000000,4622.25000000,4437.45000000,4471.00000000,4471.00000000,114419
2025-09-20,4471.12000000,4514.70000000,4456.79000000,4482.69000000,4482.69000000,48254
2025-09-21,4481.59000000,4507.00000000,4444.59000000,4447.03000000,4447.03000000,54068
2025-09-22,4447.01000000,4462.20000000,4000.00000000,4202.42000000,4202.42000000,280676
2025-09-23,4203.07000000,4234.65000000,4117.78000000,4165.19000000,4165.19000000,130139
2025-09-24,4165.01000000,4268.08000000,4075.00000000,4153.90000000,4153.90000000,121784
2025-09-25,4154.42000000,4167.90000000,3825.00000000,3875.70000000,3875.70000000,344413
2025-09-26,3872.63000000,4078.00000000,3869.14000000,4034.27000000,4034.27000000,195132
2025-09-27,4035.39000000,4050.00000000,3974.04000000,4020.35000000,4020.35000000,49712
2025-09-28,4019.64000000,4154.30000000,3965.78000000,4143.25000000,4143.25000000,86619
2025-09-29,4143.36000000,4250.00000000,4084.00000000,4217.25000000,4217.25000000,135487
2025-09-30,4218.01000000,4256.50000000,4093.00000000,4145.99000000,4145.99000000,149287
2025-10-01,4145.98000000,4359.72000000,4123.35000000,4350.52000000,4350.52000000,185901
2025-10-02,4350.52000000,4530.85000000,4335.01000000,4487.49000000,4487.49000000,190492
2025-10-03,4487.30000000,4596.19000000,4430.08000000,4515.89000000,4515.89000000,235094
2025-10-04,4515.89000000,4521.34000000,4441.80000000,4490.01000000,4490.01000000,66297
2025-10-05,4489.00000000,4619.31000000,4469.10000000,4515.40000000,4515.40000000,120646
2025-10-06,4516.68000000,4759.01000000,4489.11000000,4686.32000000,4686.32000000,246956
2025-10-07,4687.59000000,4759.16000000,4432.47000000,4449.80000000,4449.80000000,251172
2025-10-08,4449.81000000,4559.89000000,4411.13000000,4527.30000000,4527.30000000,161376
2025-10-09,4526.58000000,4533.20000000,4266.83000000,4370.28000000,4370.28000000,180127
2025-10-10,4371.10000000,4396.50000000,3500.00000000,3859.10000000,3859.10000000,36539
2025-10-11,3836.89000000,3908.50000000,3648.28000000,3750.60000000,3750.60000000,202790
2025-10-12,3750.02000000,4204.00000000,3698.71000000,4156.21000000,4156.21000000,226354
2025-10-13,4156.38000000,4295.70000000,4042.17000000,4244.69000000,4244.69000000,193387
2025-10-14,4244.36000000,4272.10000000,3890.50000000,4126.39000000,4126.39000000,307036
2025-10-15,4126.26000000,4223.30000000,3930.31000000,3987.53000000,3987.53000000,185031
2025-10-16,3987.78000000,4094.30000000,3826.72000000,3894.91000000,3894.91000000,195024
2025-10-17,3895.00000000,3957.20000000,3673.64000000,3832.99000000,3832.99000000,238457
2025-10-18,3833.11000000,3933.80000000,3820.14000000,3890.40000000,3890.40000000,54520
2025-10-19,3890.40000000,4037.40000000,3826.40000000,3983.89000000,3983.89000000,113266
2025-10-20,3984.11000000,4090.00000000,3908.36000000,3981.32000000,3981.32000000,124084
2025-10-21,3981.32000000,4114.90000000,3838.88000000,3874.57000000,3874.57000000,199070
2025-10-22,3874.69000000,3896.10000000,3708.51000000,3805.71000000,3805.71000000,172975
2025-10-23,3806.25000000,3936.10000000,3796.77000000,3858.41000000,3858.41000000,126956
2025-10-24,3858.41000000,4024.31000000,3847.36000000,3936.10000000,3936.10000000,140690
2025-10-25,3936.10000000,3968.91000000,3911.88000000,3954.52000000,3954.52000000,32320
2025-10-26,3954.50000000,4178.82000000,3916.74000000,4158.81000000,4158.81000000,88313
2025-10-27,4159.05000000,4254.23000000,4094.72000000,4120.10000000,4120.10000000,158157
2025-10-28,4118.66000000,4177.54000000,3926.42000000,3980.25000000,3980.25000000,146199
2025-10-29,3980.15000000,4041.60000000,3838.00000000,3904.20000000,3904.20000000,153127
2025-10-30,3904.17000000,3954.40000000,3676.04000000,3804.02000000,3804.02000000,177647
2025-10-31,3803.69000000,3909.70000000,3795.51000000,3845.79000000,3845.79000000,141403
2025-11-01,3846.44000000,3911.90000000,3829.20000000,3872.16000000,3872.16000000,33552
2025-11-02,3872.37000000,3922.10000000,3837.92000000,3905.97000000,3905.97000000,40058
2025-11-03,3906.81000000,3917.70000000,3552.40000000,3602.88000000,3602.88000000,232220
2025-11-04,3609.80000000,3659.00000000,3061.10000000,3289.00000000,3289.00000000,11417
2025-11-05,3286.58000000,3481.00000000,3168.13000000,3424.01000000,3424.01000000,53861
2025-11-06,3424.01000000,3459.30000000,3243.60000000,3313.46000000,3313.46000000,217090
2025-11-07,3313.47000000,3488.32000000,3178.39000000,3433.71000000,3433.71000000,280225
2025-11-08,3434.51000000,3490.50000000,3354.41000000,3400.46000000,3400.46000000,88457
2025-11-09,3400.21000000,3622.50000000,3356.85000000,3582.92000000,3582.92000000,124689
2025-11-10,3584.21000000,3658.00000000,3508.00000000,3568.70000000,3568.70000000,51399
2025-11-11,3566.47000000,3647.90000000,3404.17000000,3414.42000000,3414.42000000,39430
2025-11-12,3421.70000000,3588.00000000,3374.30000000,3415.20000000,3415.20000000,1821
2025-11-13,3414.75000000,3565.00000000,3153.33000000,3230.34000000,3230.34000000,53315
2025-11-14,3230.24000000,3255.80000000,3054.80000000,3116.20000000,3116.20000000,83101
2025-11-15,3109.81000000,3234.60000000,3109.81000000,3167.37000000,3167.37000000,17678
2025-11-16,3167.37000000,3250.70000000,3003.32000000,3093.51000000,3093.51000000,34972
2025-11-17,3105.60000000,3226.70000000,2969.00000000,3038.30000000,3038.30000000,6410
2025-11-18,3026.65000000,3176.00000000,2941.02000000,3122.00000000,3122.00000000,49067
2025-11-19,3121.81000000,3132.10000000,2870.83000000,3022.40000000,3022.40000000,66807
2025-11-20,3022.40000000,3063.00000000,2788.37000000,2836.90000000,2836.90000000,48396
2025-11-21,2838.60000000,2890.30000000,2630.10000000,2771.70000000,2771.70000000,12325
2025-11-22,2765.39000000,2804.10000000,2704.51000000,2767.09000000,2767.09000000,8081
2025-11-23,2767.09000000,2861.50000000,2766.72000000,2801.14000000,2801.14000000,117076
2025-11-24,2801.00000000,2989.20000000,2762.75000000,2951.88000000,2951.88000000,25839
2025-11-25,2951.88000000,2982.90000000,2854.98000000,2958.17000000,2958.17000000,154117
2025-11-26,2959.04000000,3046.60000000,2888.11000000,3029.80000000,3029.80000000,29905
2025-11-27,3026.34000000,3073.10000000,2983.79000000,3014.86000000,3014.86000000,86580
2025-11-28,3014.85000000,3101.40000000,2993.63000000,3032.32000000,3032.32000000,143554
2025-11-29,3032.33000000,3054.50000000,2963.00000000,2990.31000000,2990.31000000,68772
2025-11-30,2990.01000000,3053.90000000,2976.98000000,2991.90000000,2991.90000000,50900
2025-12-01,2992.16000000,3000.40000000,2718.80000000,2803.60000000,2803.60000000,54155
2025-12-02,2799.80000000,3034.80000000,2784.31000000,2999.40000000,2999.40000000,27976
2025-12-03,2997.97000000,3214.70000000,2986.81000000,3190.40000000,3190.40000000,39190
2025-12-04,3189.80000000,3241.57000000,3067.09000000,3134.13000000,3134.13000000,179053
2025-12-05,3133.95000000,3194.24000000,2985.00000000,3022.61000000,3022.61000000,167746
2025-12-06,3022.51000000,3069.61000000,3012.66000000,3039.13000000,3039.13000000,43938
2025-12-07,3039.12000000,3150.80000000,2910.08000000,3061.00000000,3061.00000000,94396
2025-12-08,3060.71000000,3180.20000000,3040.27000000,3124.93000000,3124.93000000,144450
2025-12-09,3124.35000000,3398.50000000,3091.74000000,3318.37000000,3318.37000000,47184
2025-12-10,3318.37000000,3448.32000000,3289.82000000,3325.00000000,3325.00000000,46957
2025-12-11,3325.26000000,3328.54000000,3145.53000000,3237.40000000,3237.40000000,187006
2025-12-12,3237.70000000,3266.95000000,3045.30000000,3084.91000000,3084.91000000,158475
2025-12-13,3085.23000000,3140.00000000,2760.00000000,3115.00000000,3115.00000000,45664
2025-12-14,3115.00000000,3130.35000000,3025.14000000,3063.30000000,3063.30000000,77035
2025-12-15,3063.51000000,3178.90000000,2893.38000000,2964.40000000,2964.40000000,232994
2025-12-16,2964.51000000,2983.70000000,2875.91000000,2961.96000000,2961.96000000,136815
2025-12-17,2961.90000000,3032.00000000,2790.66000000,2833.01000000,2833.01000000,49882
2025-12-18,2832.46000000,3002.70000000,2775.00000000,2826.65000000,2826.65000000,65182
2025-12-19,2826.57000000,3021.80000000,2806.90000000,2977.94000000,2977.94000000,167638
2025-12-20,2977.94000000,2998.00000000,2964.43000000,2976.60000000,2976.60000000,35740
2025-12-21,2976.70000000,3017.20000000,2943.00000000,3001.42000000,3001.42000000,70458
2025-12-22,3001.36000000,3077.50000000,2963.26000000,3007.03000000,3007.03000000,34292
2025-12-23,3007.29000000,3037.30000000,2900.00000000,2965.30000000,2965.30000000,115704
2025-12-24,2962.71000000,2978.60000000,2886.35000000,2945.49000000,2945.49000000,92161
2025-12-25,2945.42000000,2971.80000000,2889.03000000,2902.34000000,2902.34000000,42551
2025-12-26,2902.34000000,2996.40000000,2892.35000000,2925.43000000,2925.43000000,91565
2025-12-27,2925.58000000,2963.40000000,2915.39000000,2946.60000000,2946.60000000,24953
2025-12-28,2946.85000000,2963.20000000,2923.24000000,2948.92000000,2948.92000000,31499
2025-12-29,2948.91000000,3057.60000000,2907.07000000,2934.19000000,2934.19000000,133964
2025-12-30,2934.31000000,3009.00000000,2915.54000000,2970.49000000,2970.49000000,39364
2025-12-31,2970.31000000,3029.00000000,2955.89000000,2966.84000000,2966.84000000,106074
2026-01-01,2966.68000000,3010.90000000,2966.20000000,3005.40000000,3005.40000000,27476
2026-01-02,3000.22000000,3149.30000000,2989.30000000,3124.04000000,3124.04000000,38776
2026-01-03,3124.04000000,3136.40000000,3075.13000000,3125.50000000,3125.50000000,18848
2026-01-04,3125.80000000,3163.00000000,3115.60000000,3142.80000000,3142.80000000,4136
2026-01-05,3141.30000000,3259.90000000,3129.10000000,3220.50000000,3220.50000000,4279
2026-01-06,3224.83000000,3308.21000000,3179.50000000,3295.59000000,3295.59000000,152762
2026-01-07,3295.58000000,3295.83000000,3121.68000000,3165.64000000,3165.64000000,158043
2026-01-08,3166.38000000,3183.70000000,3050.20000000,3104.30000000,3104.30000000,149485
2026-01-09,3104.29000000,3147.20000000,3053.69000000,3084.31000000,3084.31000000,132527
2026-01-10,3084.30000000,3104.10000000,3074.00000000,3081.40000000,3081.40000000,28413
2026-01-11,3081.40000000,3148.80000000,3080.29000000,3118.65000000,3118.65000000,60090
2026-01-12,3118.54000000,3170.10000000,3061.56000000,3091.93000000,3091.93000000,33144
2026-01-13,3091.93000000,3375.50000000,3087.93000000,3323.38000000,3323.38000000,182492
2026-01-14,3323.37000000,3405.03000000,3277.80000000,3354.72000000,3354.72000000,278604
2026-01-15,3354.82000000,3384.32000000,3270.58000000,3317.97000000,3317.97000000,190563
2026-01-16,3317.98000000,3326.59000000,3250.70000000,3295.70000000,3295.70000000,131720
2026-01-17,3294.87000000,3329.85000000,3282.00000000,3309.12000000,3309.12000000,49530
2026-01-18,3308.93000000,3368.90000000,3276.92000000,3283.30000000,3283.30000000,56965
2026-01-19,3282.50000000,3283.40000000,3162.86000000,3189.00000000,3189.00000000,145418
2026-01-20,3187.17000000,3199.90000000,2874.77000000,2936.31000000,2936.31000000,228150
2026-01-21,2936.50000000,3069.00000000,2863.40000000,2979.23000000,2979.23000000,272841
2026-01-22,2979.54000000,3039.40000000,2901.76000000,2949.30000000,2949.30000000,151075
2026-01-23,2949.36000000,3020.44000000,2888.01000000,2953.52000000,2953.52000000,151690
2026-01-24,2952.76000000,2971.40000000,2939.80000000,2948.03000000,2948.03000000,41451
2026-01-25,2948.77000000,2959.66000000,2783.26000000,2815.38000000,2815.38000000,157624
2026-01-26,2814.19000000,2953.40000000,2809.43000000,2926.55000000,2926.55000000,214940
2026-01-27,2926.64000000,3035.00000000,2895.61000000,3021.72000000,3021.72000000,191648
2026-01-28,3022.19000000,3045.60000000,2979.21000000,3004.17000000,3004.17000000,164617
2026-01-29,3006.13000000,3013.00000000,2750.36000000,2822.50000000,2822.50000000,287837
2026-01-30,2817.64000000,2829.00000000,2631.54000000,2702.41000000,2702.41000000,339231
2026-01-31,2702.42000000,2714.16000000,2230.00000000,2448.80000000,2448.80000000,435454
2026-02-01,2449.44000000,2478.00000000,2218.57000000,2270.60000000,2270.60000000,288137
2026-02-02,2268.24000000,2399.60000000,2155.75000000,2343.85000000,2343.85000000,449471
2026-02-03,2344.80000000,2361.10000000,2107.48000000,2229.23000000,2229.23000000,482226
2026-02-04,2230.48000000,2298.20000000,2072.57000000,2142.48000000,2142.48000000,464410
2026-02-05,2143.46000000,2177.40000000,1811.39000000,1820.60000000,1820.60000000,672698
2026-02-06,1823.11000000,2095.70000000,1739.90000000,2062.57000000,2062.57000000,654639
2026-02-07,2061.95000000,2129.48000000,1993.46000000,2090.52000000,2090.52000000,319821
2026-02-08,2086.19000000,2152.40000000,2064.71000000,2087.78000000,2087.78000000,165938
2026-02-09,2088.36000000,2168.59000000,2004.68000000,2103.80000000,2103.80000000,304531
2026-02-10,2103.90000000,2124.90000000,1986.64000000,2020.26000000,2020.26000000,290396
2026-02-11,2021.70000000,2033.80000000,1892.72000000,1940.56000000,1940.56000000,316418
2026-02-12,1939.90000000,2003.70000000,1893.91000000,1945.71000000,1945.71000000,219459
2026-02-13,1946.11000000,2074.10000000,1923.20000000,2048.42000000,2048.42000000,267309
2026-02-14,2047.58000000,2108.20000000,2041.04000000,2085.70000000,2085.70000000,102859
2026-02-15,2085.86000000,2103.50000000,1927.48000000,1965.25000000,1965.25000000,198144
2026-02-16,1965.67000000,2025.20000000,1934.31000000,1997.70000000,1997.70000000,134501
2026-02-17,1997.64000000,2017.90000000,1940.16000000,1995.00000000,1995.00000000,212992
2026-02-18,1990.84000000,2040.60000000,1922.59000000,1953.81000000,1953.81000000,228650
2026-02-19,1955.29000000,1989.50000000,1905.12000000,1948.60000000,1948.60000000,179359
2026-02-20,1947.99000000,1982.90000000,1922.31000000,1968.61000000,1968.61000000,227229
2026-02-21,1968.35000000,1998.20000000,1955.04000000,1973.58000000,1973.58000000,77304
2026-02-22,1972.93000000,1984.50000000,1934.04000000,1957.64000000,1957.64000000,78774
2026-02-23,1957.41000000,1960.20000000,1836.96000000,1855.35000000,1855.35000000,300499
2026-02-24,1855.72000000,1871.90000000,1792.80000000,1855.00000000,1855.00000000,280807
2026-02-25,1852.00000000,2158.60000000,1845.98000000,2053.90000000,2053.90000000,468306
