Date,Open,High,Low,Close,Adj Close,Volume
2024-02-27,407.99000000,408.32000000,403.85000000,407.48000000,407.48000000,14835827
2024-02-28,408.17500000,409.30000000,405.32010000,407.72000000,407.72000000,13183125
2024-02-29,408.64000000,414.20000000,405.92000000,413.64000000,413.64000000,31947263
2024-03-01,411.27000000,415.87000000,410.88000000,415.50000000,415.50000000,17823445
2024-03-04,413.44000000,417.35000000,412.32000000,414.92000000,414.92000000,17595956
2024-03-05,413.96000000,414.25000000,400.64000000,402.65000000,402.65000000,26919177
2024-03-06,402.97000000,405.16000000,398.39000000,402.09000000,402.09000000,22344149
2024-03-07,406.12000000,409.78000000,402.24000000,409.14000000,409.14000000,18718479
2024-03-08,407.96000000,410.42000000,404.33000000,406.22000000,406.22000000,18002186
2024-03-11,403.76200000,405.68000000,401.26000000,404.52000000,404.52000000,16120752
2024-03-12,407.62000000,415.57000000,406.79000000,415.28000000,415.28000000,22457003
2024-03-13,418.10000000,418.18000000,411.45000000,415.10000000,415.10000000,17115931
2024-03-14,420.24000000,427.82000000,417.99000000,425.22000000,425.22000000,34157299
2024-03-15,419.29000000,422.60000000,412.79000000,416.42000000,416.42000000,45079903
2024-03-18,414.25000000,420.73000000,413.78000000,417.32000000,417.32000000,20105977
2024-03-19,417.83000000,421.66560000,415.55000000,421.41000000,421.41000000,19837915
2024-03-20,422.00000000,425.96000000,420.66000000,425.23000000,425.23000000,17860085
2024-03-21,429.83000000,430.82000000,427.16000000,429.37000000,429.37000000,21296222
2024-03-22,429.70000000,429.86000000,426.07000000,428.74000000,428.74000000,17648473
2024-03-25,425.24000000,427.41000000,421.61000000,422.86000000,422.86000000,18060450
2024-03-26,425.61000000,425.99000000,421.35000000,421.65000000,421.65000000,16725647
2024-03-27,424.44000000,424.45000000,419.01000000,421.43000000,421.43000000,16704978
2024-03-28,420.96000000,421.87000000,419.12000000,420.72000000,420.72000000,21871161
2024-04-01,423.95000000,427.89000000,422.22000000,424.57000000,424.57000000,16315961
2024-04-02,420.11000000,422.38000000,417.84000000,421.44000000,421.44000000,17911992
2024-04-03,419.73000000,423.26000000,419.08500000,420.45000000,420.45000000,16502264
2024-04-04,424.99000000,428.67000000,417.57000000,417.88000000,417.88000000,19370875
2024-04-05,420.01000000,426.51000000,418.32000000,425.52000000,425.52000000,16554761
2024-04-08,425.17000000,427.28000000,423.30000000,424.59000000,424.59000000,14272387
2024-04-09,426.44000000,427.74000000,421.62000000,426.28000000,426.28000000,12512289
2024-04-10,422.19000000,424.03000000,419.70000000,423.26000000,423.26000000,16216581
2024-04-11,425.82000000,429.37000000,422.36000000,427.93000000,427.93000000,17966423
2024-04-12,424.05000000,425.17940000,419.77000000,421.90000000,421.90000000,19253750
2024-04-15,426.60000000,426.82000000,413.43000000,413.64000000,413.64000000,20273538
2024-04-16,414.57000000,418.40000000,413.73010000,414.58000000,414.58000000,16765616
2024-04-17,417.25000000,418.88000000,410.33000000,411.84000000,411.84000000,15855485
2024-04-18,410.63000000,411.89000000,403.95000000,404.27000000,404.27000000,21029917
2024-04-19,404.03000000,405.48000000,397.77000000,399.12000000,399.12000000,30565789
2024-04-22,400.08000000,402.85000000,395.75000000,400.96000000,400.96000000,20286875
2024-04-23,404.23500000,408.20000000,403.06000000,407.57000000,407.57000000,15734501
2024-04-24,409.56000000,412.47000000,406.78000000,409.06000000,409.06000000,15065330
2024-04-25,394.03000000,399.88990000,388.03000000,399.04000000,399.04000000,40586450
2024-04-26,412.17000000,413.00000000,405.76010000,406.32000000,406.32000000,29694654
2024-04-29,405.25000000,406.32000000,399.19000000,402.25000000,402.25000000,19582091
2024-04-30,401.49000000,402.16000000,389.17000000,389.33000000,389.33000000,28781374
2024-05-01,392.61000000,401.71990000,390.31000000,394.94000000,394.94000000,23562481
2024-05-02,397.66000000,399.93000000,394.65150000,397.84000000,397.84000000,17709364
2024-05-03,402.28000000,407.15000000,401.86000000,406.66000000,406.66000000,17446724
2024-05-06,408.76000000,413.93000000,406.37010000,413.54000000,413.54000000,16996639
2024-05-07,414.66000000,414.67000000,409.09000000,409.34000000,409.34000000,20018228
2024-05-08,408.17000000,412.23000000,406.71320000,410.54000000,410.54000000,11792308
2024-05-09,410.57000000,412.72000000,409.10000000,412.32000000,412.32000000,14689727
2024-05-10,412.93500000,415.38000000,411.80000000,414.74000000,414.74000000,13402281
2024-05-13,418.01000000,418.34800000,410.82000000,413.72000000,413.72000000,15440226
2024-05-14,412.02000000,417.49000000,411.55000000,416.56000000,416.56000000,15109306
2024-05-15,417.90000000,423.81000000,417.27000000,423.08000000,423.08000000,22239533
2024-05-16,421.80000000,425.42000000,420.35000000,420.99000000,420.99000000,17530050
2024-05-17,422.54000000,422.92000000,418.02500000,420.21000000,420.21000000,15352239
2024-05-20,420.21000000,426.77000000,419.99000000,425.34000000,425.34000000,16272137
2024-05-21,426.82500000,432.97000000,424.85000000,429.04000000,429.04000000,21453255
2024-05-22,430.09000000,432.41000000,427.13000000,430.52000000,430.52000000,18073698
2024-05-23,432.97000000,433.60000000,425.42400000,427.00000000,427.00000000,17211689
2024-05-24,427.19000000,431.05500000,424.41000000,430.16000000,430.16000000,11855285
2024-05-28,429.63000000,430.82000000,426.60000000,430.32000000,430.32000000,15718024
2024-05-29,425.69000000,430.94000000,425.69000000,429.17000000,429.17000000,15517130
2024-05-30,424.30000000,424.30000000,414.24000000,414.67000000,414.67000000,28424847
2024-05-31,416.75000000,416.75000000,404.51000000,415.13000000,415.13000000,47995250
2024-06-03,415.52500000,416.43000000,408.92340000,413.52000000,413.52000000,17484675
2024-06-04,412.43000000,416.44000000,409.67500000,416.07000000,416.07000000,14348917
2024-06-05,417.81000000,424.08000000,416.30000000,424.01000000,424.01000000,16988038
2024-06-06,424.01000000,425.31000000,420.58000000,424.52000000,424.52000000,14861251
2024-06-07,426.20000000,426.28000000,423.00000000,423.85000000,423.85000000,13621650
2024-06-10,424.70000000,428.08000000,423.89000000,427.87000000,427.87000000,14003034
2024-06-11,425.47500000,432.82000000,425.25000000,432.68000000,432.68000000,14551101
2024-06-12,435.32000000,443.40000000,433.25000000,441.06000000,441.06000000,22366233
2024-06-13,440.85000000,443.39000000,439.37000000,441.58000000,441.58000000,15960565
2024-06-14,438.27500000,443.13760000,436.72100000,442.57000000,442.57000000,13581985
2024-06-17,442.58500000,450.94000000,440.72000000,448.37000000,448.37000000,20790030
2024-06-18,449.70500000,450.14000000,444.89000000,446.34000000,446.34000000,17112504
2024-06-20,446.30000000,446.53000000,441.27000000,445.70000000,445.70000000,19877378
2024-06-21,447.38000000,450.58000000,446.51000000,449.78000000,449.78000000,34486172
2024-06-24,449.80000000,452.75000000,446.41000000,447.67000000,447.67000000,15913719
2024-06-25,448.25000000,451.42000000,446.75000000,450.95000000,450.95000000,16747529
2024-06-26,449.00000000,453.60000000,448.19000000,452.16000000,452.16000000,16507030
2024-06-27,452.17500000,456.17000000,451.77000000,452.85000000,452.85000000,14806324
2024-06-28,453.07000000,455.38000000,446.41000000,446.95000000,446.95000000,28362271
2024-07-01,448.66000000,457.37000000,445.66000000,456.73000000,456.73000000,17662818
2024-07-02,453.20000000,459.59000000,453.11300000,459.28000000,459.28000000,13979779
2024-07-03,458.19000000,461.02000000,457.88000000,460.77000000,460.77000000,9932830
2024-07-05,459.61000000,468.35000000,458.96500000,467.56000000,467.56000000,16000290
2024-07-08,466.55000000,467.70000000,464.46000000,466.24000000,466.24000000,12962321
2024-07-09,467.00000000,467.33000000,458.00000000,459.54000000,459.54000000,17228507
2024-07-10,461.22000000,466.46000000,458.85500000,466.25000000,466.25000000,18196100
2024-07-11,462.98000000,464.78000000,451.55000000,454.70000000,454.70000000,23111175
2024-07-12,454.32500000,456.36000000,450.64500000,453.55000000,453.55000000,16324274
2024-07-15,453.30000000,457.26000000,451.43000000,453.96000000,453.96000000,14429447
2024-07-16,454.22000000,454.30000000,446.66000000,449.52000000,449.52000000,17175679
2024-07-17,442.59000000,444.85000000,439.18000000,443.52000000,443.52000000,21754021
2024-07-18,444.34000000,444.65000000,434.40000000,440.37000000,440.37000000,20794822
2024-07-19,433.10000000,441.14000000,432.00000000,437.11000000,437.11000000,20940417
2024-07-22,441.79000000,444.60000000,438.91250000,442.94000000,442.94000000,15808755
2024-07-23,443.89500000,448.39000000,443.10000000,444.85000000,444.85000000,13107050
2024-07-24,440.45000000,441.48000000,427.58500000,428.90000000,428.90000000,26805800
2024-07-25,428.80000000,429.80000000,417.51000000,418.40000000,418.40000000,29943795
2024-07-26,418.20000000,428.91500000,417.27000000,425.27000000,425.27000000,23583839
2024-07-29,431.58000000,432.15000000,424.70420000,426.73000000,426.73000000,15125836
2024-07-30,427.72000000,429.05000000,417.36000000,422.92000000,422.92000000,32687578
2024-07-31,420.49500000,421.77500000,412.21000000,418.35000000,418.35000000,42891366
2024-08-01,420.78500000,427.46000000,413.09010000,417.11000000,417.11000000,30296400
2024-08-02,412.49000000,415.00000000,404.34000000,408.49000000,408.49000000,29437900
2024-08-05,389.17000000,401.04000000,385.58000000,395.15000000,395.15000000,40709238
2024-08-06,400.00000000,405.67000000,398.50000000,399.61000000,399.61000000,24946525
2024-08-07,408.63500000,410.08000000,397.47000000,398.43000000,398.43000000,20650906
2024-08-08,402.44000000,405.86000000,399.94070000,402.69000000,402.69000000,20203030
2024-08-09,404.03000000,408.05000000,402.26240000,406.02000000,406.02000000,19276666
2024-08-12,407.06000000,408.76000000,404.24340000,406.81000000,406.81000000,16762883
2024-08-13,409.59000000,414.95000000,409.57000000,414.01000000,414.01000000,19414271
2024-08-14,414.80000000,417.72000000,412.44560000,416.86000000,416.86000000,18266980
2024-08-15,419.80000000,421.11000000,417.66000000,421.03000000,421.03000000,20752144
2024-08-16,420.60000000,421.34000000,417.30000000,418.47000000,418.47000000,22775593
2024-08-19,418.96000000,421.75000000,416.46000000,421.53000000,421.53000000,15233957
2024-08-20,421.70000000,425.86000000,421.64000000,424.80000000,424.80000000,16387581
2024-08-21,424.07500000,426.40000000,421.72000000,424.14000000,424.14000000,16067298
2024-08-22,424.36000000,426.78990000,414.61000000,415.55000000,415.55000000,19361901
2024-08-23,416.98000000,419.26000000,412.09000000,416.79000000,416.79000000,18493784
2024-08-26,416.36500000,417.27990000,411.34000000,413.49000000,413.49000000,13152830
2024-08-27,412.86000000,414.36000000,410.25000000,413.84000000,413.84000000,13492911
2024-08-28,414.88000000,415.00000000,407.31000000,410.60000000,410.60000000,14882660
2024-08-29,414.94000000,422.05000000,410.60000000,413.12000000,413.12000000,17045241
2024-08-30,415.60000000,417.49000000,412.13000000,417.14000000,417.14000000,24308324
2024-09-03,417.91000000,419.88000000,407.03000000,409.44000000,409.44000000,20313603
2024-09-04,405.91000000,411.24000000,404.37000000,408.90000000,408.90000000,15135806
2024-09-05,407.62000000,413.10000000,406.13000000,408.39000000,408.39000000,14195516
2024-09-06,409.06000000,410.65000000,400.80000000,401.70000000,401.70000000,19609526
2024-09-09,407.24000000,408.65000000,402.15000000,405.72000000,405.72000000,15295134
2024-09-10,408.20000000,416.33000000,407.70000000,414.20000000,414.20000000,19594287
2024-09-11,415.50000000,423.99000000,409.58000000,423.04000000,423.04000000,19266923
2024-09-12,423.31000000,427.36920000,419.75000000,427.00000000,427.00000000,17418759
2024-09-13,425.82500000,431.83000000,425.46000000,430.59000000,430.59000000,15874555
2024-09-16,430.60000000,433.53000000,428.22000000,431.34000000,431.34000000,13834697
2024-09-17,440.23000000,441.85000000,432.27000000,435.15000000,435.15000000,18874231
2024-09-18,435.00000000,436.03000000,430.41000000,430.81000000,430.81000000,18898042
2024-09-19,441.22500000,441.50000000,436.90000000,438.69000000,438.69000000,21706559
2024-09-20,437.22000000,439.24000000,434.22000000,435.27000000,435.27000000,55167106
2024-09-23,434.28000000,436.46000000,430.38890000,433.51000000,433.51000000,15128891
2024-09-24,433.00000000,433.35000000,426.10000000,429.17000000,429.17000000,17015754
2024-09-25,429.83000000,433.11900000,428.57000000,432.11000000,432.11000000,13396364
2024-09-26,435.08500000,435.30000000,429.13000000,431.31000000,431.31000000,14492044
2024-09-27,431.52000000,431.85000000,427.47000000,428.02000000,428.02000000,14896131
2024-09-30,428.21000000,430.42000000,425.37000000,430.30000000,430.30000000,16854606
2024-10-01,428.45000000,428.48000000,418.81000000,420.69000000,420.69000000,19092945
2024-10-02,422.58000000,422.82000000,416.71000000,417.13000000,417.13000000,16582257
2024-10-03,417.63000000,419.55000000,414.29000000,416.54000000,416.54000000,13686421
2024-10-04,418.24000000,419.75000000,414.97000000,416.06000000,416.06000000,19190913
2024-10-07,416.00000000,417.11000000,409.00000000,409.54000000,409.54000000,20919761
2024-10-08,410.90000000,415.66000000,408.17000000,414.71000000,414.71000000,19229261
2024-10-09,415.86000000,420.38000000,414.30000000,417.46000000,417.46000000,14974257
2024-10-10,415.22500000,417.35000000,413.15000000,415.84000000,415.84000000,13848376
2024-10-11,416.13500000,417.13000000,413.25000000,416.32000000,416.32000000,14144944
2024-10-14,417.77000000,424.04000000,417.52000000,419.14000000,419.14000000,16653086
2024-10-15,422.18000000,422.48000000,415.26000000,418.74000000,418.74000000,18900201
2024-10-16,415.17000000,416.36000000,410.48000000,416.12000000,416.12000000,15508932
2024-10-17,422.36000000,422.50000000,415.59000000,416.72000000,416.72000000,14820004
2024-10-18,417.14000000,419.65000000,416.26010000,418.16000000,418.16000000,17145317
2024-10-21,416.12000000,418.96000000,413.75010000,418.78000000,418.78000000,14206115
2024-10-22,418.49000000,430.57930000,418.04000000,427.51000000,427.51000000,25482197
2024-10-23,430.85500000,431.08000000,422.53000000,424.60000000,424.60000000,19654379
2024-10-24,425.32500000,425.97820000,422.40000000,424.73000000,424.73000000,13581631
2024-10-25,426.76000000,432.52000000,426.56500000,428.15000000,428.15000000,16899064
2024-10-28,431.65500000,431.94000000,426.30000000,426.59000000,426.59000000,14882444
2024-10-29,428.00000000,433.17000000,425.80010000,431.95000000,431.95000000,17644080
2024-10-30,437.43500000,438.50000000,432.10000000,432.53000000,432.53000000,29749149
2024-10-31,415.36000000,416.16000000,406.30000000,406.35000000,406.35000000,53970981
2024-11-01,409.01000000,415.50000000,407.50000000,410.37000000,410.37000000,24230442
2024-11-04,409.80000000,410.41500000,405.57130000,408.46000000,408.46000000,19672286
2024-11-05,408.37000000,414.90000000,408.08000000,411.46000000,411.46000000,17626011
2024-11-06,412.42000000,420.45000000,410.52000000,420.18000000,420.18000000,26681842
2024-11-07,421.28000000,426.85000000,419.88000000,425.43000000,425.43000000,19901782
2024-11-08,425.32000000,426.50000000,421.78000000,422.54000000,422.54000000,16891414
2024-11-11,422.51500000,424.81000000,416.00000000,418.01000000,418.01000000,24503321
2024-11-12,418.25000000,424.44000000,417.20000000,423.03000000,423.03000000,19401204
2024-11-13,421.64000000,429.32500000,418.21000000,425.20000000,425.20000000,21502185
2024-11-14,425.00000000,428.17000000,420.00000000,426.89000000,426.89000000,30246881
2024-11-15,419.82000000,422.80000000,413.64000000,415.00000000,415.00000000,28247644
2024-11-18,414.87000000,418.40370000,412.10000000,415.76000000,415.76000000,24742013
2024-11-19,413.11000000,417.94000000,411.55000000,417.79000000,417.79000000,18133529
2024-11-20,416.87000000,417.29000000,410.58000000,415.49000000,415.49000000,19191655
2024-11-21,419.50000000,419.78000000,410.28870000,412.87000000,412.87000000,20780162
2024-11-22,411.36500000,417.40000000,411.06000000,417.00000000,417.00000000,24814626
2024-11-25,418.38000000,421.08000000,414.85000000,418.79000000,418.79000000,27691090
2024-11-26,419.58500000,429.04140000,418.85000000,427.99000000,427.99000000,23458889
2024-11-27,425.10500000,427.22990000,422.02000000,422.99000000,422.99000000,18332444
2024-11-29,420.09000000,424.88490000,417.80000000,423.46000000,423.46000000,16271921
2024-12-02,421.57000000,433.00000000,421.31000000,430.98000000,430.98000000,20207223
2024-12-03,429.84000000,432.47000000,427.74000000,431.20000000,431.20000000,18301987
2024-12-04,433.03000000,439.67000000,432.63000000,437.42000000,437.42000000,26009429
2024-12-05,437.92000000,444.66000000,436.17100000,442.62000000,442.62000000,21697775
2024-12-06,442.30000000,446.10000000,441.77030000,443.57000000,443.57000000,18821002
2024-12-09,442.60000000,448.33000000,440.50000000,446.02000000,446.02000000,19144388
2024-12-10,444.39000000,449.62000000,441.60000000,443.33000000,443.33000000,18469459
2024-12-11,444.05000000,450.35000000,444.05000000,448.99000000,448.99000000,19200208
2024-12-12,449.11000000,456.16480000,449.11000000,449.56000000,449.56000000,20834779
2024-12-13,448.43500000,451.43000000,445.58000000,447.27000000,447.27000000,20177833
2024-12-16,447.27000000,452.18000000,445.28000000,451.59000000,451.59000000,23598834
2024-12-17,451.01000000,455.29000000,449.57000000,454.46000000,454.46000000,22733494
2024-12-18,451.32000000,452.65000000,437.02000000,437.39000000,437.39000000,24444545
2024-12-19,441.62000000,443.18340000,436.32000000,437.03000000,437.03000000,22963681
2024-12-20,433.11000000,443.74000000,428.63000000,436.60000000,436.60000000,64263694
2024-12-23,436.74000000,437.65000000,432.83000000,435.25000000,435.25000000,19152519
2024-12-24,434.65000000,439.60000000,434.19000000,439.33000000,439.33000000,7164543
2024-12-26,439.08000000,440.94000000,436.63000000,438.11000000,438.11000000,8199927
2024-12-27,434.60000000,435.22000000,426.35000000,430.53000000,430.53000000,18117713
2024-12-30,426.06000000,427.55000000,421.90000000,424.83000000,424.83000000,13158703
2024-12-31,426.10000000,426.73000000,420.66000000,421.50000000,421.50000000,13246509
2025-01-02,425.53000000,426.07000000,414.85000000,418.58000000,418.58000000,16896469
2025-01-03,421.08000000,424.03000000,419.54000000,423.35000000,423.35000000,16662943
2025-01-06,428.00000000,434.32000000,425.47740000,427.85000000,427.85000000,20573648
2025-01-07,429.00000000,430.65000000,420.80000000,422.37000000,422.37000000,18139065
2025-01-08,423.46000000,426.97000000,421.54000000,424.56000000,424.56000000,15054575
2025-01-10,424.63000000,424.71000000,415.02000000,418.95000000,418.95000000,20201132
2025-01-13,415.23500000,418.50000000,412.29000000,417.19000000,417.19000000,17604780
2025-01-14,417.81000000,419.74000000,410.72000000,415.67000000,415.67000000,16935856
2025-01-15,419.13000000,428.15000000,418.26500000,426.31000000,426.31000000,19637838
2025-01-16,428.69500000,429.49000000,424.39000000,424.58000000,424.58000000,15300023
2025-01-17,434.08500000,434.48000000,428.17000000,429.03000000,429.03000000,26197507
2025-01-21,430.20000000,430.89990000,425.59500000,428.50000000,428.50000000,26085703
2025-01-22,437.56000000,447.27000000,436.00000000,446.20000000,446.20000000,27803811
2025-01-23,442.00000000,446.75000000,441.50480000,446.71000000,446.71000000,18389270
2025-01-24,445.16000000,446.65000000,441.40000000,444.06000000,444.06000000,15549453
2025-01-27,424.01000000,435.20000000,423.50000000,434.56000000,434.56000000,35647805
2025-01-28,434.60000000,448.38000000,431.38000000,447.20000000,447.20000000,23491703
2025-01-29,446.69000000,446.88000000,440.40000000,442.33000000,442.33000000,23581370
2025-01-30,418.77000000,422.86000000,413.16000000,414.99000000,414.99000000,54586260
2025-01-31,418.98000000,420.69000000,414.91000000,415.06000000,415.06000000,34223388
2025-02-03,411.60000000,415.41000000,408.66000000,410.92000000,410.92000000,25679149
2025-02-04,412.68500000,413.91990000,409.74000000,412.37000000,412.37000000,20532096
2025-02-05,412.35000000,413.82700000,410.40000000,413.29000000,413.29000000,16336188
2025-02-06,414.00000000,418.20000000,414.00000000,415.82000000,415.82000000,16309755
2025-02-07,416.48000000,418.65000000,408.10000000,409.75000000,409.75000000,22886844
2025-02-10,413.71000000,415.46240000,410.92000000,412.22000000,412.22000000,20817919
2025-02-11,409.64000000,412.49000000,409.30000000,411.44000000,411.44000000,18140592
2025-02-12,407.21000000,410.75000000,404.36730000,409.04000000,409.04000000,19121734
2025-02-13,407.00000000,411.00000000,406.36000000,410.54000000,410.54000000,23891731
2025-02-14,407.79000000,408.91000000,405.88000000,408.43000000,408.43000000,22758464
2025-02-18,408.00000000,410.59700000,406.50000000,409.64000000,409.64000000,21423051
2025-02-19,407.88000000,415.49000000,407.65000000,414.77000000,414.77000000,24114197
2025-02-20,415.29000000,419.31000000,412.54000000,416.13000000,416.13000000,23508728
2025-02-21,417.33500000,418.04800000,407.89000000,408.21000000,408.21000000,27524799
2025-02-24,408.51000000,409.37000000,399.32000000,404.00000000,404.00000000,26443656
2025-02-25,401.10000000,401.91500000,396.70000000,397.90000000,397.90000000,29387402
2025-02-26,398.01000000,403.60000000,394.24500000,399.73000000,399.73000000,19618954
2025-02-27,401.26500000,405.74000000,392.17000000,392.53000000,392.53000000,21127406
2025-02-28,392.65500000,397.63000000,386.57000000,396.99000000,396.99000000,32845658
2025-03-03,398.82000000,398.82000000,386.15500000,388.49000000,388.49000000,23007726
2025-03-04,383.40000000,392.58000000,381.00000000,388.61000000,388.61000000,29342923
2025-03-05,389.34000000,401.67000000,388.81000000,401.02000000,401.02000000,23433132
2025-03-06,394.28000000,402.15000000,392.67770000,396.89000000,396.89000000,23304625
2025-03-07,392.32000000,394.80000000,385.54000000,393.31000000,393.31000000,22034087
2025-03-10,385.84000000,386.40000000,377.22000000,380.16000000,380.16000000,32840134
2025-03-11,379.00000000,386.00000000,376.91000000,380.45000000,380.45000000,30380177
2025-03-12,382.95000000,385.21650000,378.95070000,383.27000000,383.27000000,24253567
2025-03-13,383.15500000,385.32000000,377.45000000,378.77000000,378.77000000,20473017
2025-03-14,379.77500000,390.23000000,379.51000000,388.56000000,388.56000000,19952846
2025-03-17,386.70000000,392.70500000,385.57000000,388.70000000,388.70000000,22474272
2025-03-18,387.07000000,387.37000000,381.10000000,383.52000000,383.52000000,19486850
2025-03-19,385.52500000,389.68000000,384.00000000,387.82000000,387.82000000,19185532
2025-03-20,385.73500000,391.78500000,383.28000000,386.84000000,386.84000000,18470542
2025-03-21,383.21500000,391.74000000,382.80000000,391.26000000,391.26000000,39675928
2025-03-24,395.40000000,395.40000000,389.81000000,393.08000000,393.08000000,21004548
2025-03-25,393.91500000,396.36000000,392.64000000,395.16000000,395.16000000,15774968
2025-03-26,395.00000000,395.31000000,388.57000000,389.97000000,389.97000000,16132906
2025-03-27,390.13000000,392.24000000,387.39500000,390.58000000,390.58000000,13766761
2025-03-28,388.08000000,389.13000000,376.93000000,378.80000000,378.80000000,21632016
2025-03-31,372.53500000,377.07000000,367.24000000,375.39000000,375.39000000,35184676
2025-04-01,374.65000000,382.85000000,373.23000000,382.19000000,382.19000000,19689503
2025-04-02,377.96500000,385.08000000,376.62000000,382.14000000,382.14000000,16092555
2025-04-03,374.78500000,377.48000000,369.35000000,373.11000000,373.11000000,30197997
2025-04-04,364.12500000,374.59000000,359.48000000,359.84000000,359.84000000,49209854
2025-04-07,350.88000000,370.99990000,344.79000000,357.86000000,357.86000000,50424998
2025-04-08,368.25500000,373.65000000,350.25000000,354.56000000,354.56000000,35868918
2025-04-09,353.53500000,393.22500000,353.10000000,390.49000000,390.49000000,50199696
2025-04-10,382.06000000,383.90000000,367.80000000,381.35000000,381.35000000,38024368
2025-04-11,380.63500000,390.05000000,378.89000000,388.45000000,388.45000000,23839220
2025-04-14,393.22000000,394.65000000,384.21000000,387.81000000,387.81000000,19251172
2025-04-15,388.50500000,391.89000000,384.15990000,385.73000000,385.73000000,17199890
2025-04-16,380.67000000,381.61000000,368.00000000,371.61000000,371.61000000,21967826
2025-04-17,373.74500000,374.32150000,366.89000000,367.78000000,367.78000000,21120192
2025-04-21,362.81500000,364.48000000,355.67000000,359.12000000,359.12000000,20807279
2025-04-22,363.37500000,367.77000000,359.86020000,366.82000000,366.82000000,19484993
2025-04-23,376.06000000,380.39000000,373.02000000,374.39000000,374.39000000,20545526
2025-04-24,375.69500000,388.45000000,375.19000000,387.30000000,387.30000000,22232289
2025-04-25,387.00000000,392.16000000,384.60000000,391.85000000,391.85000000,18973165
2025-04-28,391.95500000,392.74000000,386.63800000,391.16000000,391.16000000,16579430
2025-04-29,391.30000000,395.10000000,390.38000000,394.04000000,394.04000000,14973976
2025-04-30,390.30000000,396.66000000,384.44000000,395.26000000,395.26000000,36461075
2025-05-01,431.11000000,436.99000000,424.90000000,425.40000000,425.40000000,58938100
2025-05-02,431.74000000,439.44000000,429.98500000,435.28000000,435.28000000,30757434
2025-05-05,432.87000000,439.50000000,432.11000000,436.17000000,436.17000000,20136053
2025-05-06,432.20000000,437.73000000,431.17000000,433.31000000,433.31000000,15104204
2025-05-07,433.84000000,438.12000000,431.11030000,433.35000000,433.35000000,23307241
2025-05-08,437.93000000,443.67000000,435.66000000,438.17000000,438.17000000,23491330
2025-05-09,440.00000000,440.74000000,435.88000000,438.73000000,438.73000000,15324233
2025-05-12,445.94000000,449.37000000,439.78000000,449.26000000,449.26000000,22821935
2025-05-13,447.78000000,450.67330000,445.36000000,449.14000000,449.14000000,23618819
2025-05-14,448.14000000,453.90000000,448.14000000,452.94000000,452.94000000,19902796
2025-05-15,450.76500000,456.19000000,450.43010000,453.13000000,453.13000000,21992323
2025-05-16,452.05000000,454.36000000,448.73000000,454.27000000,454.27000000,23849781
2025-05-19,450.87500000,459.58500000,450.80000000,458.87000000,458.87000000,21336509
2025-05-20,455.59000000,458.34000000,454.32010000,458.17000000,458.17000000,15441808
2025-05-21,454.57000000,457.78000000,451.81400000,452.57000000,452.57000000,19216906
2025-05-22,454.95000000,460.25000000,453.90000000,454.86000000,454.86000000,18025612
2025-05-23,449.98000000,453.69000000,448.91000000,450.18000000,450.18000000,16883509
2025-05-27,456.48000000,460.95000000,456.11500000,460.69000000,460.69000000,20974293
2025-05-28,461.22000000,462.52000000,456.93000000,457.36000000,457.36000000,17086261
2025-05-29,461.55000000,461.72000000,455.31050000,458.68000000,458.68000000,13982211
2025-05-30,459.71500000,461.68000000,455.54000000,460.36000000,460.36000000,34770475
2025-06-02,457.14000000,462.11000000,456.89000000,461.97000000,461.97000000,16626495
2025-06-03,461.47000000,464.14000000,460.86220000,462.97000000,462.97000000,15743760
2025-06-04,464.00000000,465.69000000,463.02010000,463.87000000,463.87000000,14162688
2025-06-05,464.95500000,469.65000000,464.03000000,467.68000000,467.68000000,20154460
2025-06-06,470.08500000,473.33500000,468.78000000,470.38000000,470.38000000,15285624
2025-06-09,469.70000000,473.43000000,468.62000000,472.75000000,472.75000000,16469932
2025-06-10,471.18500000,472.80000000,466.96000000,470.92000000,470.92000000,15375944
2025-06-11,470.02000000,475.47000000,469.65500000,472.62000000,472.62000000,16399176
2025-06-12,475.02000000,480.41500000,473.52000000,478.87000000,478.87000000,18950582
2025-06-13,476.41000000,479.18000000,472.76000000,474.96000000,474.96000000,16814456
2025-06-16,475.21000000,480.69430000,475.00000000,479.14000000,479.14000000,15626104
2025-06-17,475.39500000,478.73990000,474.08000000,478.04000000,478.04000000,15414128
2025-06-18,478.00000000,481.00000000,474.46000000,480.24000000,480.24000000,17526452
2025-06-20,482.23000000,483.46000000,476.87000000,477.40000000,477.40000000,37576206
2025-06-23,478.21000000,487.75000000,472.51000000,486.00000000,486.00000000,24863952
2025-06-24,488.95000000,491.84900000,486.79500000,490.11000000,490.11000000,22305642
2025-06-25,492.04000000,494.55560000,489.39000000,492.27000000,492.27000000,17495099
2025-06-26,492.98000000,498.04000000,492.81000000,497.45000000,497.45000000,21578853
2025-06-27,497.55000000,499.30000000,493.03000000,495.94000000,495.94000000,34539236
2025-06-30,497.04000000,500.76000000,495.33000000,497.41000000,497.41000000,28368991
2025-07-01,496.47000000,498.05000000,490.98000000,492.05000000,492.05000000,19945375
2025-07-02,489.99000000,493.50000000,488.70000000,491.09000000,491.09000000,16319641
2025-07-03,493.81000000,500.13000000,493.44000000,498.84000000,498.84000000,13984829
2025-07-07,497.38000000,498.75000000,495.22500000,497.72000000,497.72000000,13981605
2025-07-08,497.24000000,498.20000000,494.11000000,496.62000000,496.62000000,11846586
2025-07-09,500.30000000,506.78000000,499.74000000,503.51000000,503.51000000,18659538
2025-07-10,503.05000000,504.44000000,497.75000000,501.48000000,501.48000000,16498740
2025-07-11,498.47000000,505.03000000,497.79500000,503.32000000,503.32000000,16459512
2025-07-14,501.51500000,503.97000000,501.03000000,503.02000000,503.02000000,12058848
2025-07-15,503.02000000,508.30000000,502.79000000,505.82000000,505.82000000,14927202
2025-07-16,505.18000000,506.72000000,501.89000000,505.62000000,505.62000000,15154374
2025-07-17,505.68000000,513.37000000,505.62000000,511.70000000,511.70000000,17503129
2025-07-18,514.48000000,514.64000000,507.43000000,510.05000000,510.05000000,21209666
2025-07-21,506.70500000,512.09000000,505.55000000,510.06000000,510.06000000,14066805
2025-07-22,510.97000000,511.20000000,505.27000000,505.27000000,505.27000000,13868644
2025-07-23,506.75000000,506.79000000,500.70000000,505.87000000,505.87000000,16396585
2025-07-24,508.77000000,513.67000000,507.30000000,510.88000000,510.88000000,16107000
2025-07-25,512.46500000,518.29000000,510.35920000,513.71000000,513.71000000,19125699
2025-07-28,514.08000000,515.00000000,510.12000000,512.50000000,512.50000000,14308027
2025-07-29,515.53000000,517.62000000,511.56000000,512.57000000,512.57000000,16469235
2025-07-30,515.17000000,515.95000000,509.43500000,513.24000000,513.24000000,26380434
2025-07-31,555.22500000,555.45000000,531.90000000,533.50000000,533.50000000,51617326
2025-08-01,535.00000000,535.80000000,520.86000000,524.11000000,524.11000000,28977628
2025-08-04,528.27000000,538.25000000,528.13000000,535.64000000,535.64000000,25349004
2025-08-05,537.18000000,537.30000000,527.24000000,527.75000000,527.75000000,19171569
2025-08-06,530.90000000,531.70000000,524.03000000,524.94000000,524.94000000,21355702
2025-08-07,526.80000000,528.09000000,517.55110000,520.84000000,520.84000000,16079144
2025-08-08,522.60000000,524.66000000,519.41000000,522.04000000,522.04000000,15531009
2025-08-11,522.30000000,527.59000000,519.72000000,521.77000000,521.77000000,20194372
2025-08-12,523.75000000,530.98000000,522.70000000,529.24000000,529.24000000,18688921
2025-08-13,532.11000000,532.70000000,519.37000000,520.58000000,520.58000000,19619160
2025-08-14,522.56000000,525.94990000,520.14000000,522.48000000,522.48000000,20269074
2025-08-15,522.77000000,526.10000000,519.08000000,520.17000000,520.17000000,25213272
2025-08-18,521.58500000,522.82000000,514.02000000,517.10000000,517.10000000,23760583
2025-08-19,515.00000000,515.16410000,508.55000000,509.77000000,509.77000000,21481016
2025-08-20,509.86500000,511.00000000,504.44000000,505.72000000,505.72000000,27723025
2025-08-21,503.69000000,507.63000000,502.72010000,504.24000000,504.24000000,18443254
2025-08-22,504.25000000,510.73000000,502.41000000,507.23000000,507.23000000,24324161
2025-08-25,506.63000000,508.19000000,504.12000000,504.26000000,504.26000000,21638579
2025-08-26,504.35500000,504.97780000,498.51000000,502.04000000,502.04000000,30835709
2025-08-27,502.00000000,507.29000000,499.90000000,506.74000000,506.74000000,17277893
2025-08-28,507.09000000,511.09000000,505.50000000,509.64000000,509.64000000,18015593
2025-08-29,508.66000000,509.60000000,504.49150000,506.69000000,506.69000000,20961569
2025-09-02,500.46500000,506.00000000,496.81000000,505.12000000,505.12000000,18127995
2025-09-03,503.79000000,507.79000000,502.32000000,505.35000000,505.35000000,16345078
2025-09-04,504.30000000,508.15000000,503.15000000,507.97000000,507.97000000,15509486
2025-09-05,509.07000000,511.97000000,492.37000000,495.00000000,495.00000000,31994846
2025-09-08,498.10500000,501.19500000,495.03000000,498.20000000,498.20000000,16771015
2025-09-09,501.43000000,502.25000000,497.70000000,498.41000000,498.41000000,14410542
2025-09-10,502.98000000,503.22990000,496.72000000,500.37000000,500.37000000,21611816
2025-09-11,502.25000000,503.17000000,497.88000000,501.01000000,501.01000000,18881608
2025-09-12,506.65000000,512.55000000,503.85000000,509.90000000,509.90000000,23624884
2025-09-15,508.79000000,515.47000000,507.00000000,515.36000000,515.36000000,17143786
2025-09-16,516.88000000,517.23000000,508.60000000,509.04000000,509.04000000,19711922
2025-09-17,510.62000000,511.29000000,505.93000000,510.02000000,510.02000000,15816585
2025-09-18,511.49000000,513.07000000,507.66000000,508.45000000,508.45000000,18913696
2025-09-19,510.56000000,519.30000000,510.31000000,517.93000000,517.93000000,52474093
2025-09-22,515.59000000,517.74000000,512.54500000,514.45000000,514.45000000,20009314
2025-09-23,513.80000000,514.58990000,507.31000000,509.23000000,509.23000000,19799580
2025-09-24,510.38000000,512.48000000,506.92000000,510.15000000,510.15000000,13533711
2025-09-25,508.30000000,510.01000000,505.04000000,507.03000000,507.03000000,15786468
2025-09-26,510.06000000,513.94000000,506.62000000,511.46000000,511.46000000,16213129
2025-09-29,511.50000000,516.84500000,508.88000000,514.60000000,514.60000000,17617775
2025-09-30,513.24000000,518.16000000,509.66000000,517.95000000,517.95000000,19728229
2025-10-01,514.80000000,520.50500000,511.69000000,519.71000000,519.71000000,22632336
2025-10-02,517.64000000,521.60000000,510.67910000,515.74000000,515.74000000,21222886
2025-10-03,517.10000000,520.49000000,515.00000000,517.35000000,517.35000000,15112321
2025-10-06,518.61000000,531.03000000,518.20000000,528.57000000,528.57000000,21388581
2025-10-07,528.28500000,529.80000000,521.44000000,523.98000000,523.98000000,14615208
2025-10-08,523.28000000,526.95000000,523.09000000,524.85000000,524.85000000,13363447
2025-10-09,522.33500000,524.32500000,517.40000000,522.40000000,522.40000000,18343602
2025-10-10,519.64000000,523.58000000,509.63000000,510.96000000,510.96000000,24133840
2025-10-13,516.41000000,516.41000000,511.68000000,514.05000000,514.05000000,14284238
2025-10-14,510.22500000,515.28200000,506.00000000,513.57000000,513.57000000,14684300
2025-10-15,514.95500000,517.19000000,510.00000000,513.43000000,513.43000000,14694654
2025-10-16,512.58000000,516.85000000,508.13000000,511.61000000,511.61000000,15559565
2025-10-17,509.04000000,515.48000000,507.31000000,513.58000000,513.58000000,19867765
2025-10-20,514.61000000,518.70000000,513.43000000,516.79000000,516.79000000,14665620
2025-10-21,517.50000000,518.69000000,513.04000000,517.66000000,517.66000000,15586204
2025-10-22,521.15000000,525.23000000,517.71000000,520.54000000,520.54000000,18962694
2025-10-23,522.46000000,523.95000000,518.61000000,520.56000000,520.56000000,14023532
2025-10-24,522.79000000,525.34500000,520.71000000,523.61000000,523.61000000,15532360
2025-10-27,531.78000000,534.58000000,529.01000000,531.52000000,531.52000000,18734716
2025-10-28,550.00000000,553.72000000,540.77000000,542.07000000,542.07000000,29986683
2025-10-29,544.94000000,546.27000000,536.72870000,541.55000000,541.55000000,36023004
2025-10-30,530.48000000,534.97000000,522.12000000,525.76000000,525.76000000,41023088
2025-10-31,528.87500000,529.32000000,515.10000000,517.81000000,517.81000000,34006424
2025-11-03,519.80500000,524.96000000,514.59000000,517.03000000,517.03000000,22374742
2025-11-04,511.76000000,515.55000000,507.84000000,514.33000000,514.33000000,20958663
2025-11-05,513.30000000,514.83000000,506.57500000,507.16000000,507.16000000,23024342
2025-11-06,505.66000000,505.70000000,495.81000000,497.10000000,497.10000000,27406496
2025-11-07,496.94500000,499.37700000,493.25000000,496.82000000,496.82000000,24019764
2025-11-10,500.03500000,506.85000000,498.80000000,506.00000000,506.00000000,26101480
2025-11-11,504.80000000,509.60000000,502.34880000,508.68000000,508.68000000,17980020
2025-11-12,509.35500000,511.67000000,499.12010000,511.14000000,511.14000000,26574851
2025-11-13,510.31000000,513.50000000,501.29000000,503.29000000,503.29000000,25273114
2025-11-14,498.23000000,511.60000000,497.44000000,510.18000000,510.18000000,28505746
2025-11-17,508.45000000,512.12000000,504.91000000,507.49000000,507.49000000,19092752
2025-11-18,495.36500000,502.98000000,486.78000000,493.79000000,493.79000000,33815114
2025-11-19,490.10000000,495.18720000,482.83000000,487.12000000,487.12000000,23245314
2025-11-20,492.71000000,493.57000000,475.50000000,478.43000000,478.43000000,26802542
2025-11-21,478.50000000,478.92000000,468.27000000,472.12000000,472.12000000,31769248
2025-11-24,475.00000000,476.90000000,468.02000000,474.00000000,474.00000000,34421046
2025-11-25,474.07000000,479.15000000,464.89000000,476.99000000,476.99000000,28019793
2025-11-26,486.31000000,488.31000000,481.20000000,485.50000000,485.50000000,25709079
2025-11-28,487.59500000,492.63000000,486.65000000,492.01000000,492.01000000,14386730
2025-12-01,488.43500000,489.85990000,484.64750000,486.74000000,486.74000000,23963993
2025-12-02,486.71500000,493.49990000,486.32000000,490.00000000,490.00000000,19562722
2025-12-03,476.32000000,484.24000000,475.20000000,477.73000000,477.73000000,34615102
2025-12-04,479.76000000,481.32200000,476.49000000,480.84000000,480.84000000,22318155
2025-12-05,482.51500000,483.40000000,478.88010000,483.16000000,483.16000000,22608710
2025-12-08,484.88500000,492.30000000,484.38000000,491.02000000,491.02000000,21965900
2025-12-09,489.10000000,492.12000000,488.50010000,492.02000000,492.02000000,14696078
2025-12-10,484.03000000,484.25000000,475.08000000,478.56000000,478.56000000,35756229
2025-12-11,476.63000000,486.03000000,475.86000000,483.47000000,483.47000000,24669180
2025-12-12,479.82000000,482.45000000,476.34000000,478.53000000,478.53000000,21248102
2025-12-15,480.10000000,480.72050000,472.52000000,474.82000000,474.82000000,23727694
2025-12-16,471.90500000,477.89000000,470.88000000,476.39000000,476.39000000,20705560
2025-12-17,476.90500000,480.00000000,475.00000000,476.12000000,476.12000000,24527176
2025-12-18,478.19000000,489.60000000,477.89000000,483.98000000,483.98000000,28573545
2025-12-19,487.36000000,487.85000000,482.49000000,485.92000000,485.92000000,70836105
2025-12-22,486.12000000,488.73000000,482.69000000,484.92000000,484.92000000,16963019
2025-12-23,484.98000000,487.83000000,484.74000000,486.85000000,486.85000000,14683582
2025-12-24,485.68000000,489.16250000,484.83000000,488.02000000,488.02000000,5855880
2025-12-26,486.70500000,488.12000000,485.96000000,487.71000000,487.71000000,8842175
2025-12-29,484.85500000,488.35000000,484.18000000,487.10000000,487.10000000,10893408
2025-12-30,485.93000000,489.68000000,485.50000000,487.48000000,487.48000000,13944512
2025-12-31,487.84000000,488.14000000,483.30000000,483.62000000,483.62000000,15601554
2026-01-02,484.38500000,484.66000000,470.16000000,472.94000000,472.94000000,25571567
2026-01-05,474.05500000,476.07000000,469.50000000,472.85000000,472.85000000,25250260
2026-01-06,473.80000000,478.73670000,469.75000000,478.51000000,478.51000000,23037665
2026-01-07,479.75500000,489.70000000,477.95000000,483.47000000,483.47000000,25564196
2026-01-08,481.24000000,482.66000000,475.86000000,478.11000000,478.11000000,18162616
2026-01-09,474.06000000,479.82000000,472.20010000,479.28000000,479.28000000,18491036
2026-01-12,476.67000000,480.99000000,475.68030000,477.18000000,477.18000000,23519895
2026-01-13,474.67500000,475.77990000,465.95000000,470.67000000,470.67000000,28545800
2026-01-14,466.46000000,468.20000000,457.17010000,459.38000000,459.38000000,28184302
2026-01-15,464.12000000,464.25000000,455.90000000,456.66000000,456.66000000,23225839
2026-01-16,457.83000000,463.19000000,456.48000000,459.86000000,459.86000000,34246650
2026-01-20,451.21500000,456.80000000,449.28000000,454.52000000,454.52000000,26129992
2026-01-21,452.59500000,452.69000000,438.68000000,444.11000000,444.11000000,37980510
2026-01-22,447.62000000,452.84000000,444.70000000,451.14000000,451.14000000,25349378
2026-01-23,451.87000000,471.10000000,450.53000000,465.95000000,465.95000000,38000159
2026-01-26,465.30500000,474.25000000,462.00000000,470.28000000,470.28000000,29291235
2026-01-27,473.70000000,482.87000000,473.16000000,480.58000000,480.58000000,29213923
2026-01-28,483.21000000,483.74000000,478.00000000,481.63000000,481.63000000,36875403
2026-01-29,439.99000000,442.50000000,421.02000000,433.50000000,433.50000000,128855323
2026-01-30,439.17000000,439.60000000,426.45000000,430.29000000,430.29000000,58566819
2026-02-02,430.23500000,430.73600000,422.25000000,423.37000000,423.37000000,42219858
2026-02-03,422.01000000,422.05000000,408.56000000,411.21000000,411.21000000,61424123
2026-02-04,411.00000000,419.80000000,409.24000000,414.19000000,414.19000000,45012374
2026-02-05,407.44000000,408.30000000,392.32000000,393.67000000,393.67000000,66289247
2026-02-06,399.16500000,401.79000000,392.92000000,401.14000000,401.14000000,53515311
2026-02-09,404.85000000,414.89000000,400.87000000,413.60000000,413.60000000,45480526
2026-02-10,419.62000000,423.68000000,412.70000000,413.27000000,413.27000000,44857850
2026-02-11,416.17500000,416.46000000,401.01000000,404.37000000,404.37000000,42491012
2026-02-12,405.00000000,406.20000000,398.01000000,401.84000000,401.84000000,40802362
2026-02-13,404.45000000,405.54000000,398.05000000,401.32000000,401.32000000,34091553
2026-02-17,399.22000000,400.52000000,394.52500000,396.86000000,396.86000000,32078794
2026-02-18,398.13000000,402.56000000,396.32000000,399.60000000,399.60000000,23223417
2026-02-19,400.69000000,404.43000000,396.67000000,398.46000000,398.46000000,28234001
2026-02-20,396.11000000,400.11590000,395.16000000,397.23000000,397.23000000,34015249
2026-02-23,395.00000000,395.36000000,383.10000000,384.47000000,384.47000000,43238273
2026-02-24,384.14000000,389.36000000,381.71000000,389.00000000,389.00000000,33884653
2026-02-25,390.52500000,401.47000000,390.16000000,400.60000000,400.60000000,43610243
