Date,Open,High,Low,Close,Adj Close,Volume
2024-02-27,79.38100000,79.48000000,77.16200000,78.70100000,78.70100000,391705240
2024-02-28,77.62000000,78.93300000,77.12500000,77.66300000,77.66300000,393110400
2024-02-29,79.09400000,79.99000000,78.35000000,79.11200000,79.11200000,507288980
2024-03-01,80.00000000,82.30000000,79.43500000,82.27900000,82.27900000,479135100
2024-03-04,84.13000000,87.69500000,83.71900000,85.23700000,85.23700000,615616450
2024-03-05,85.27000000,86.09700000,83.41700000,85.96400000,85.96400000,520639300
2024-03-06,88.02200000,89.72400000,87.03000000,88.70000000,88.70000000,582520300
2024-03-07,90.15800000,92.76700000,89.60200000,92.66900000,92.66900000,608119160
2024-03-08,95.13790000,97.40000000,86.50600000,87.52800000,87.52800000,1142269060
2024-03-11,86.42900000,88.79700000,84.16600000,85.77400000,85.77400000,678364120
2024-03-12,88.04900000,91.96000000,86.15010000,91.91300000,91.91300000,668075150
2024-03-13,91.05500000,91.50400000,88.43500000,90.88800000,90.88800000,635712890
2024-03-14,89.57700000,90.64600000,86.60000000,87.94400000,87.94400000,602318160
2024-03-15,86.93000000,89.54600000,86.25700000,87.83650000,87.83650000,642086160
2024-03-18,90.38800000,92.40500000,87.08500000,88.45500000,88.45500000,668975930
2024-03-19,86.70000000,90.54400000,85.01000000,89.39800000,89.39800000,672171270
2024-03-20,89.79700000,90.41000000,88.22300000,90.37200000,90.37200000,479062790
2024-03-21,92.30000000,92.64800000,90.40500000,91.43500000,91.43500000,480372310
2024-03-22,91.14100000,94.77800000,90.83400000,94.28900000,94.28900000,586719360
2024-03-25,93.94100000,96.76600000,93.51000000,95.00200000,95.00200000,552136080
2024-03-26,95.85100000,96.37500000,92.50200000,92.56100000,92.56100000,513647580
2024-03-27,93.11200000,93.24000000,89.12300000,90.25000000,90.25000000,586067230
2024-03-28,90.00000000,91.30000000,89.19300000,90.35600000,90.35600000,435212270
2024-04-01,90.29900000,92.22500000,89.20400000,90.36300000,90.36300000,452441490
2024-04-02,88.44800000,90.09400000,87.62000000,89.45200000,89.45200000,433063550
2024-04-03,88.48400000,90.37400000,88.40000000,88.96400000,88.96400000,370066550
2024-04-04,90.40600000,90.63400000,85.88000000,85.90500000,85.90500000,434964920
2024-04-05,86.86600000,88.48100000,85.92600000,88.00800000,88.00800000,399678460
2024-04-08,88.70000000,88.83000000,86.73200000,87.13300000,87.13300000,283220000
2024-04-09,87.44200000,87.63500000,83.02200000,85.35400000,85.35400000,503547350
2024-04-10,83.92600000,87.40000000,83.70900000,87.03900000,87.03900000,431928530
2024-04-11,87.42000000,90.73900000,86.92600000,90.61600000,90.61600000,431637270
2024-04-12,89.69900000,90.17500000,87.53000000,88.18600000,88.18600000,426804790
2024-04-15,89.09800000,90.61300000,85.92900000,86.00100000,86.00100000,443076950
2024-04-16,86.43250000,88.11800000,86.06390000,87.41500000,87.41500000,370453020
2024-04-17,88.34000000,88.77500000,83.95000000,84.03500000,84.03500000,495399510
2024-04-18,84.97000000,86.19000000,82.40200000,84.67100000,84.67100000,447260340
2024-04-19,83.15000000,84.32400000,75.60600000,76.20000000,76.20000000,875198000
2024-04-22,78.10400000,80.07300000,76.40000000,79.51800000,79.51800000,596340510
2024-04-23,80.76900000,82.76900000,80.26400000,82.42300000,82.42300000,438559370
2024-04-24,83.95000000,84.08200000,79.18300000,79.67700000,79.67700000,512207530
2024-04-25,78.86800000,83.32300000,78.22300000,82.63200000,82.63200000,424640730
2024-04-26,83.81800000,88.33090000,83.38700000,87.73500000,87.73500000,551010780
2024-04-29,87.59500000,87.99200000,85.26600000,87.75700000,87.75700000,388970760
2024-04-30,87.24000000,88.81900000,86.30000000,86.40200000,86.40200000,363708700
2024-05-01,85.07700000,86.00000000,81.25460000,83.04100000,83.04100000,559863170
2024-05-02,84.44900000,86.23700000,83.20000000,85.81700000,85.81700000,377897540
2024-05-03,87.78900000,89.28100000,87.04000000,88.78900000,88.78900000,398340720
2024-05-06,89.39000000,92.22000000,89.05500000,92.14000000,92.14000000,376202550
2024-05-07,91.09800000,91.78100000,89.01100000,90.55400000,90.55400000,437341610
2024-05-08,89.48250000,91.19400000,89.42000000,90.41200000,90.41200000,325721020
2024-05-09,90.52900000,91.07200000,88.23100000,88.74700000,88.74700000,378012680
2024-05-10,90.30450000,91.40100000,89.22700000,89.87800000,89.87800000,335325410
2024-05-13,90.47800000,90.99800000,88.52900000,90.39900000,90.39900000,289680170
2024-05-14,89.59900000,91.65100000,88.93400000,91.35600000,91.35600000,296507080
2024-05-15,92.47200000,94.86200000,91.59900000,94.63000000,94.63000000,417735450
2024-05-16,94.91000000,95.81900000,94.10300000,94.35900000,94.35900000,323951820
2024-05-17,94.36900000,94.74000000,91.80600000,92.47900000,92.47900000,359691030
2024-05-20,93.75000000,95.20000000,93.44000000,94.78000000,94.78000000,318764460
2024-05-21,93.59900000,95.40000000,93.18000000,95.38600000,95.38600000,328946460
2024-05-22,95.45900000,96.02000000,93.24900000,94.95000000,94.95000000,548647990
2024-05-23,102.02800000,106.32000000,101.52000000,103.79900000,103.79900000,835065280
2024-05-24,104.44900000,106.47500000,103.00000000,106.46900000,106.46900000,429493670
2024-05-28,110.24400000,114.93900000,109.88300000,113.90100000,113.90100000,652727890
2024-05-29,113.05000000,115.49200000,110.90100000,114.82500000,114.82500000,557441930
2024-05-30,114.65000000,115.81920000,109.66300000,110.50000000,110.50000000,487350330
2024-05-31,112.52000000,112.71700000,106.94000000,109.63300000,109.63300000,613262500
2024-06-03,113.62100000,115.00000000,112.00300000,115.00000000,115.00000000,438391760
2024-06-04,115.71600000,116.60000000,114.04500000,116.43700000,116.43700000,403324010
2024-06-05,118.37100000,122.44950000,117.46800000,122.44000000,122.44000000,528401780
2024-06-06,124.04800000,125.58700000,118.32000000,120.99800000,120.99800000,664696190
2024-06-07,119.77000000,121.69170000,118.02200000,120.88800000,120.88800000,412385800
2024-06-10,120.37000000,195.95000000,117.01000000,121.79000000,121.79000000,314162650
2024-06-11,121.77000000,122.87000000,118.74000000,120.91000000,120.91000000,222551158
2024-06-12,123.06000000,126.88000000,122.57000000,125.20000000,125.20000000,299595001
2024-06-13,129.39000000,129.80000000,127.16000000,129.61000000,129.61000000,260704537
2024-06-14,129.96000000,132.84000000,128.32000000,131.88000000,131.88000000,309320376
2024-06-17,132.99000000,133.73000000,129.58000000,130.98000000,130.98000000,288504444
2024-06-18,131.14000000,136.33000000,130.69000000,135.58000000,135.58000000,294335054
2024-06-20,139.80000000,140.76000000,129.52000000,130.78000000,130.78000000,517768425
2024-06-21,127.12000000,130.63000000,124.30000000,126.57000000,126.57000000,655484664
2024-06-24,123.24000000,124.46000000,118.04000000,118.11000000,118.11000000,476060866
2024-06-25,121.20000000,126.50000000,119.32000000,126.09000000,126.09000000,425787456
2024-06-26,126.13000000,128.12000000,122.60000000,126.40000000,126.40000000,362975918
2024-06-27,124.10000000,126.41000000,122.92000000,123.99000000,123.99000000,252571693
2024-06-28,124.58000000,127.71000000,122.75000000,123.54000000,123.54000000,315516740
2024-07-01,123.47000000,124.84000000,118.83000000,124.30000000,124.30000000,284885534
2024-07-02,121.13000000,123.41000000,121.03000000,122.67000000,122.67000000,218373969
2024-07-03,121.66000000,128.28000000,121.36000000,128.28000000,128.28000000,215748955
2024-07-05,127.38000000,128.85000000,125.68000000,125.83000000,125.83000000,214176689
2024-07-08,127.49000000,130.77000000,127.04000000,128.20000000,128.20000000,237677322
2024-07-09,130.35000000,133.82000000,128.65000000,131.38000000,131.38000000,287020820
2024-07-10,134.03000000,135.10000000,132.42000000,134.91000000,134.91000000,248978569
2024-07-11,135.75000000,136.15000000,127.05000000,127.40000000,127.40000000,374782738
2024-07-12,128.26000000,131.92000000,127.22000000,129.24000000,129.24000000,252680535
2024-07-15,130.56000000,131.39000000,127.18000000,128.44000000,128.44000000,208326164
2024-07-16,128.44000000,129.04000000,124.58000000,126.36000000,126.36000000,214769515
2024-07-17,121.35000000,121.85000000,116.72000000,117.99000000,117.99000000,390086189
2024-07-18,121.85000000,122.40000000,116.56000000,121.09000000,121.09000000,320979530
2024-07-19,120.35000000,121.60000000,117.37000000,117.93000000,117.93000000,217223800
2024-07-22,120.35000000,124.07000000,119.86000000,123.54000000,123.54000000,258068943
2024-07-23,122.78000000,124.69000000,122.10000000,122.59000000,122.59000000,173910983
2024-07-24,119.17000000,119.95000000,113.44000000,114.25000000,114.25000000,327776884
2024-07-25,113.04000000,116.63000000,106.30000000,112.28000000,112.28000000,460067019
2024-07-26,116.19000000,116.20000000,111.58000000,113.06000000,113.06000000,293399073
2024-07-29,113.69000000,116.28000000,111.30000000,111.59000000,111.59000000,248152068
2024-07-30,111.52000000,111.99000000,102.54000000,103.73000000,103.73000000,486833274
2024-07-31,112.90000000,118.34000000,110.88000000,117.02000000,117.02000000,473174182
2024-08-01,117.53000000,120.16000000,106.81040000,109.21000000,109.21000000,523462326
2024-08-02,103.76000000,108.72000000,101.37000000,107.27000000,107.27000000,482027464
2024-08-05,92.06000000,103.41000000,90.69000000,100.45000000,100.45000000,552842375
2024-08-06,103.84000000,107.71000000,100.55000000,104.25000000,104.25000000,409012089
2024-08-07,107.81000000,108.80000000,98.69000000,98.91000000,98.91000000,411440423
2024-08-08,102.00000000,105.50000000,97.52000000,104.97000000,104.97000000,391910023
2024-08-09,105.64000000,106.60000000,103.43000000,104.75000000,104.75000000,290844157
2024-08-12,106.32000000,111.07000000,106.26000000,109.02000000,109.02000000,325559870
2024-08-13,112.44000000,116.23000000,111.58000000,116.14000000,116.14000000,312646660
2024-08-14,118.53000000,118.60000000,114.07000000,118.08000000,118.08000000,339246407
2024-08-15,118.76000000,123.24000000,117.47000000,122.86000000,122.86000000,318086673
2024-08-16,121.94000000,125.00000000,121.18000000,124.58000000,124.58000000,302589872
2024-08-19,124.28000000,130.00000000,123.42000000,130.00000000,130.00000000,318333577
2024-08-20,128.40000000,129.88000000,125.89000000,127.25000000,127.25000000,300087415
2024-08-21,127.31500000,129.35000000,126.66000000,128.50000000,128.50000000,257883572
2024-08-22,130.02000000,130.75000000,123.10000000,123.74000000,123.74000000,376189076
2024-08-23,125.86000000,129.60000000,125.22000000,129.37000000,129.37000000,323230332
2024-08-26,129.57000000,131.26000000,124.37000000,126.46000000,126.46000000,331964672
2024-08-27,125.05000000,129.20000000,123.88000000,128.30000000,128.30000000,303134573
2024-08-28,128.12000000,128.33000000,122.64000000,125.61000000,125.61000000,448101115
2024-08-29,121.35500000,124.43000000,116.71000000,117.59000000,117.59000000,453023305
2024-08-30,119.53000000,121.75000000,117.22000000,119.37000000,119.37000000,333751583
2024-09-03,116.01000000,116.21000000,107.29000000,108.00000000,108.00000000,477155100
2024-09-04,105.41000000,113.27000000,104.12000000,106.21000000,106.21000000,372470291
2024-09-05,104.98500000,109.65000000,104.76000000,107.21000000,107.21000000,306850696
2024-09-06,108.04000000,108.15000000,100.95000000,102.83000000,102.83000000,413638098
2024-09-09,104.88000000,106.55000000,103.69000000,106.47000000,106.47000000,273912015
2024-09-10,107.81000000,109.40000000,104.95000000,108.10000000,108.10000000,268283736
2024-09-11,109.39000000,117.19000000,107.42000000,116.91000000,116.91000000,441422370
2024-09-12,116.84000000,120.79000000,115.38000000,119.14000000,119.14000000,367100496
2024-09-13,119.08000000,119.95500000,117.60000000,119.10000000,119.10000000,238358328
2024-09-16,116.79000000,118.18000000,114.36000000,116.78000000,116.78000000,248772308
2024-09-17,118.17000000,118.80000000,114.83000000,115.59000000,115.59000000,231925876
2024-09-18,115.89000000,117.70000000,113.22000000,113.37000000,113.37000000,310318937
2024-09-19,117.35000000,119.66000000,117.25000000,117.87000000,117.87000000,293506438
2024-09-20,117.06000000,118.61810000,115.39010000,116.00000000,116.00000000,382462428
2024-09-23,116.55000000,116.99000000,114.86000000,116.26000000,116.26000000,206228490
2024-09-24,116.51500000,121.80000000,115.38000000,120.87000000,120.87000000,354966772
2024-09-25,122.02000000,124.94000000,121.61000000,123.51000000,123.51000000,284692948
2024-09-26,126.80000000,127.66500000,121.80000000,124.04000000,124.04000000,302582868
2024-09-27,123.97000000,124.03000000,119.26000000,121.40000000,121.40000000,271009175
2024-09-30,118.31000000,121.50000000,118.15000000,121.44000000,121.44000000,227053651
2024-10-01,121.76500000,122.43510000,115.79000000,117.00000000,117.00000000,302094485
2024-10-02,116.44000000,119.38000000,115.14000000,118.85000000,118.85000000,221845887
2024-10-03,120.92000000,124.36000000,120.34010000,122.85000000,122.85000000,277117973
2024-10-04,124.94000000,125.04000000,121.83000000,124.92000000,124.92000000,244465552
2024-10-07,124.99000000,130.64000000,124.95000000,127.72000000,127.72000000,346250233
2024-10-08,130.26000000,133.48000000,129.42000000,132.89000000,132.89000000,285722485
2024-10-09,134.11000000,134.52000000,131.38000000,132.65000000,132.65000000,246191612
2024-10-10,131.91000000,135.00000000,131.00000000,134.81000000,134.81000000,242311337
2024-10-11,134.01000000,135.78000000,133.66000000,134.80000000,134.80000000,170209474
2024-10-14,136.47000000,139.60000000,136.30000000,138.07000000,138.07000000,232347668
2024-10-15,137.87000000,138.57000000,128.74000000,131.60000000,131.60000000,377831021
2024-10-16,133.98000000,136.62000000,131.58000000,135.72000000,135.72000000,264879720
2024-10-17,139.34000000,140.89000000,136.87000000,136.93000000,136.93000000,306435921
2024-10-18,138.66500000,138.90000000,137.28000000,138.00000000,138.00000000,176090184
2024-10-21,138.13000000,143.71000000,138.00000000,143.71000000,143.71000000,264554514
2024-10-22,142.91000000,144.42000000,141.78000000,143.59000000,143.59000000,226311589
2024-10-23,142.03000000,142.43000000,137.46000000,139.56000000,139.56000000,285930038
2024-10-24,140.82000000,141.35000000,138.46000000,140.41000000,140.41000000,172354888
2024-10-25,140.93000000,144.13000000,140.80000000,141.54000000,141.54000000,205122109
2024-10-28,143.00000000,143.14000000,140.05000000,140.52000000,140.52000000,173586745
2024-10-29,140.28500000,142.25980000,138.90000000,141.25000000,141.25000000,157593634
2024-10-30,139.54000000,140.33000000,136.81000000,139.33500000,139.33500000,179418082
2024-10-31,137.60000000,137.61000000,132.11060000,132.76000000,132.76000000,270039641
2024-11-01,134.70000000,137.31000000,134.57000000,135.40000000,135.40000000,207127838
2024-11-04,137.21000000,138.96000000,135.57000000,136.05000000,136.05000000,187528173
2024-11-05,137.45000000,140.37010000,137.33000000,139.91000000,139.91000000,160537373
2024-11-06,142.96000000,146.49000000,141.96000000,145.61000000,145.61000000,242043945
2024-11-07,146.39000000,148.93000000,146.17000000,148.88000000,148.88000000,207323303
2024-11-08,148.77000000,149.77000000,146.26000000,147.63000000,147.63000000,175665830
2024-11-11,148.68000000,148.85000000,143.57000000,145.26000000,145.26000000,182325620
2024-11-12,146.78000000,149.65000000,146.01000000,148.29000000,148.29000000,198634738
2024-11-13,149.07000000,149.33000000,145.90000000,146.27000000,146.27000000,191903267
2024-11-14,147.64000000,149.00000000,145.55000000,146.76000000,146.76000000,194463301
2024-11-15,144.87000000,145.24000000,140.08000000,141.98000000,141.98000000,250132869
2024-11-18,139.50000000,141.55000000,137.15000000,140.15000000,140.15000000,221865993
2024-11-19,141.32000000,147.13000000,140.99000000,147.01000000,147.01000000,227834912
2024-11-20,147.41000000,147.56000000,142.73000000,145.89000000,145.89000000,309871654
2024-11-21,149.35000000,152.89000000,140.70000000,146.67000000,146.67000000,400946570
2024-11-22,145.93000000,147.16000000,141.10000000,141.95000000,141.95000000,236406154
2024-11-25,141.99000000,142.05000000,135.82000000,136.02000000,136.02000000,344941875
2024-11-26,137.70000000,139.30000000,135.67000000,136.92000000,136.92000000,190287654
2024-11-27,135.01000000,137.22000000,131.80000000,135.34000000,135.34000000,226370912
2024-11-29,136.78000000,139.35000000,136.05000000,138.25000000,138.25000000,141863156
2024-12-02,138.83000000,140.45000000,137.82500000,138.63000000,138.63000000,171682777
2024-12-03,138.26000000,140.54000000,137.95000000,140.26000000,140.26000000,164413965
2024-12-04,141.99500000,145.79000000,140.29000000,145.14000000,145.14000000,231224295
2024-12-05,145.11000000,146.54000000,143.95000000,145.06000000,145.06000000,172621180
2024-12-06,144.60000000,145.70000000,141.31000000,142.44000000,142.44000000,188505573
2024-12-09,138.97000000,139.95000000,137.13000000,138.81000000,138.81000000,189308625
2024-12-10,139.01000000,141.82000000,133.79000000,135.07000000,135.07000000,210020888
2024-12-11,137.36000000,140.17000000,135.21000000,139.31000000,139.31000000,184905192
2024-12-12,137.08000000,138.44000000,135.80000000,137.34000000,137.34000000,159211393
2024-12-13,138.94000000,139.60000000,132.54000000,134.25000000,134.25000000,231514881
2024-12-16,134.18000000,134.40000000,130.42000000,132.00000000,132.00000000,237951130
2024-12-17,129.09000000,131.59000000,126.86000000,130.39000000,130.39000000,259410263
2024-12-18,133.86000000,136.70000000,128.28000000,128.91000000,128.91000000,277444533
2024-12-19,131.76000000,134.03000000,129.55000000,130.68000000,130.68000000,209719210
2024-12-20,129.81000000,135.28000000,128.22000000,134.70000000,134.70000000,306528553
2024-12-23,136.28000000,139.79000000,135.12010000,139.67000000,139.67000000,176053506
2024-12-24,140.00000000,141.90000000,138.65000000,140.22000000,140.22000000,105156989
2024-12-26,139.70000000,140.85000000,137.73000000,139.93000000,139.93000000,116519090
2024-12-27,138.55000000,139.02000000,134.71000000,137.01000000,137.01000000,170582603
2024-12-30,134.83000000,140.27000000,134.02000000,137.49000000,137.49000000,167734700
2024-12-31,138.03000000,138.07000000,133.83000000,134.29000000,134.29000000,155659211
2025-01-02,136.00000000,138.88000000,134.63000000,138.31000000,138.31000000,198247166
2025-01-03,140.01000000,144.90000000,139.73000000,144.47000000,144.47000000,229322478
2025-01-06,148.59000000,152.15600000,147.82010000,149.43000000,149.43000000,265377359
2025-01-07,153.03000000,153.13000000,140.01000000,140.14000000,140.14000000,351782174
2025-01-08,142.58000000,143.95000000,137.56000000,140.11000000,140.11000000,227349948
2025-01-10,137.45000000,139.92000000,134.22000000,135.91000000,135.91000000,207602514
2025-01-13,129.99000000,133.49000000,129.51000000,133.23000000,133.23000000,204808914
2025-01-14,136.05000000,136.38000000,130.05000000,131.76000000,131.76000000,195590485
2025-01-15,133.65000000,136.45000000,131.29000000,136.24000000,136.24000000,185217338
2025-01-16,138.64000000,138.75000000,133.49000000,133.57000000,133.57000000,209235583
2025-01-17,136.69000000,138.50000000,135.46490000,137.71000000,137.71000000,201188760
2025-01-21,139.16000000,141.83000000,137.09000000,140.83000000,140.83000000,197748985
2025-01-22,144.66000000,147.79000000,143.67000000,147.07000000,147.07000000,237651395
2025-01-23,145.05000000,147.23000000,143.72000000,147.22000000,147.22000000,155915549
2025-01-24,148.37000000,148.97000000,141.88000000,142.62000000,142.62000000,234657635
2025-01-27,124.80000000,128.40000000,116.70000000,118.42000000,118.42000000,818830895
2025-01-28,121.81000000,129.00000000,116.25000000,128.99000000,128.99000000,579666350
2025-01-29,126.50000000,126.89000000,120.05000000,123.70000000,123.70000000,467120640
2025-01-30,123.10000000,125.00000000,118.10000000,124.65000000,124.65000000,392925469
2025-01-31,123.78000000,127.85000000,119.19000000,120.07000000,120.07000000,390372899
2025-02-03,114.75000000,118.57000000,113.01000000,116.66000000,116.66000000,371235677
2025-02-04,116.96000000,121.20000000,116.70000000,118.65000000,118.65000000,256550040
2025-02-05,121.76000000,125.00000000,120.76000000,124.83000000,124.83000000,263110629
2025-02-06,127.42000000,128.77000000,125.21000000,128.68000000,128.68000000,251483574
2025-02-07,129.22000000,130.37000000,125.00000000,129.84000000,129.84000000,228186298
2025-02-10,130.09000000,135.00000000,129.96000000,133.57000000,133.57000000,216989086
2025-02-11,132.58000000,134.48000000,131.02000000,132.80000000,132.80000000,178902379
2025-02-12,130.02000000,132.24000000,129.08000000,131.14000000,131.14000000,160278552
2025-02-13,131.55500000,136.50000000,131.17000000,135.29000000,135.29000000,197429975
2025-02-14,136.48000000,139.25000000,135.50000000,138.85000000,138.85000000,195479557
2025-02-18,141.27000000,143.44000000,137.92500000,139.40000000,139.40000000,219176627
2025-02-19,139.51000000,141.36000000,137.22000000,139.23000000,139.23000000,167536006
2025-02-20,140.03000000,140.66000000,136.79010000,140.11000000,140.11000000,143903583
2025-02-21,140.04000000,141.46000000,134.03000000,134.43000000,134.43000000,228217585
2025-02-24,136.56000000,138.59000000,130.08000000,130.28000000,130.28000000,251381137
2025-02-25,129.98000000,130.20000000,124.44000000,126.63000000,126.63000000,271428711
2025-02-26,129.98500000,133.73000000,128.49000000,131.28000000,131.28000000,322553814
2025-02-27,135.00000000,135.01000000,120.01000000,120.15000000,120.15000000,443175846
2025-02-28,118.02000000,125.09000000,116.40000000,124.92000000,124.92000000,389091145
2025-03-03,123.51000000,123.70000000,112.28000000,114.06000000,114.06000000,411381373
2025-03-04,110.64500000,119.31000000,110.11000000,115.99000000,115.99000000,398163305
2025-03-05,117.58000000,118.27810000,114.51000000,117.30000000,117.30000000,284337886
2025-03-06,113.53000000,115.35000000,110.22000000,110.57000000,110.57000000,321181861
2025-03-07,111.25000000,113.48000000,107.56000000,112.69000000,112.69000000,341755468
2025-03-10,109.90000000,111.85000000,105.46000000,106.98000000,106.98000000,366487363
2025-03-11,106.99000000,112.23600000,104.77000000,108.76000000,108.76000000,354865692
2025-03-12,114.12000000,116.76000000,112.88000000,115.74000000,115.74000000,323857454
2025-03-13,117.03000000,117.76000000,113.79000000,115.58000000,115.58000000,299033131
2025-03-14,118.61000000,121.88000000,118.15000000,121.67000000,121.67000000,277593455
2025-03-17,122.74000000,122.89000000,118.03000000,119.53000000,119.53000000,255501481
2025-03-18,118.00000000,119.02000000,114.54000000,115.43000000,115.43000000,299686944
2025-03-19,117.27000000,120.44500000,115.68000000,117.52000000,117.52000000,273426225
2025-03-20,116.55000000,120.20000000,116.47000000,118.53000000,118.53000000,248829749
2025-03-21,116.94000000,117.99000000,115.42000000,117.70000000,117.70000000,266498528
2025-03-24,119.88000000,122.22000000,119.34000000,121.41000000,121.41000000,228452534
2025-03-25,120.54500000,121.29000000,118.92000000,120.69000000,120.69000000,167447198
2025-03-26,118.73000000,118.84000000,112.71000000,113.76000000,113.76000000,296431667
2025-03-27,111.35000000,114.45000000,110.66000000,111.43000000,111.43000000,236902055
2025-03-28,111.48500000,112.87000000,109.07010000,109.67000000,109.67000000,229872549
2025-03-31,105.13000000,110.95500000,103.65000000,108.38000000,108.38000000,299212653
2025-04-01,108.51500000,110.20000000,106.47000000,110.15000000,110.15000000,222614034
2025-04-02,107.29000000,111.98000000,106.79000000,110.42000000,110.42000000,220601243
2025-04-03,103.51000000,105.63000000,101.60000000,101.80000000,101.80000000,338769412
2025-04-04,98.91000000,100.13000000,92.11000000,94.31000000,94.31000000,532273810
2025-04-07,87.46000000,101.75000000,86.62000000,97.64000000,97.64000000,611041347
2025-04-08,103.80500000,105.85000000,94.46000000,96.30000000,96.30000000,476243392
2025-04-09,98.89000000,115.10000000,97.53010000,114.33000000,114.33000000,612918336
2025-04-10,109.37000000,110.86000000,99.15000000,107.57000000,107.57000000,437812353
2025-04-11,108.50000000,111.54990000,107.48000000,110.93000000,110.93000000,313417265
2025-04-14,114.11000000,114.29000000,109.07000000,110.71000000,110.71000000,264705049
2025-04-15,110.97000000,113.61500000,110.50000000,112.20000000,112.20000000,228966900
2025-04-16,104.55000000,106.79000000,100.45000000,104.49000000,104.49000000,397016870
2025-04-17,104.45000000,104.47000000,100.05000000,101.49000000,101.49000000,292517465
2025-04-21,98.77000000,99.44000000,95.04000000,96.91000000,96.91000000,288501136
2025-04-22,98.78000000,99.81100000,97.28000000,98.89000000,98.89000000,241004784
2025-04-23,104.52000000,104.80000000,102.02000000,102.71000000,102.71000000,247525971
2025-04-24,103.47500000,106.54000000,103.11000000,106.43000000,106.43000000,220815041
2025-04-25,106.85000000,111.92000000,105.73000000,111.01000000,111.01000000,251064672
2025-04-28,109.69000000,110.36990000,106.02000000,108.73000000,108.73000000,207708479
2025-04-29,107.67000000,110.19990000,107.44000000,109.02000000,109.02000000,170444263
2025-04-30,104.47000000,108.92000000,104.08000000,108.92000000,108.92000000,235044611
2025-05-01,113.08000000,114.94000000,111.30000000,111.61000000,111.61000000,236121507
2025-05-02,114.18000000,115.40000000,113.37000000,114.50000000,114.50000000,190194778
2025-05-05,112.90500000,114.66500000,112.66000000,113.82000000,113.82000000,133163241
2025-05-06,111.48000000,114.74000000,110.82200000,113.54000000,113.54000000,158525621
2025-05-07,113.04500000,117.68000000,112.28180000,117.06000000,117.06000000,207827821
2025-05-08,118.25000000,118.68000000,115.85000000,117.37000000,117.37000000,198428122
2025-05-09,117.35000000,118.23000000,115.21000000,116.65000000,116.65000000,132972189
2025-05-12,121.97000000,123.00000000,120.28000000,123.00000000,123.00000000,225023345
2025-05-13,124.98000000,131.21890000,124.47000000,129.93000000,129.93000000,330430105
2025-05-14,133.19500000,135.43500000,131.68000000,135.34000000,135.34000000,281180830
2025-05-15,134.29500000,136.30000000,132.66000000,134.83000000,134.83000000,226632563
2025-05-16,136.22000000,136.35000000,133.46000000,135.40000000,135.40000000,226542451
2025-05-19,132.39000000,135.87000000,132.39000000,135.57000000,135.57000000,193154571
2025-05-20,134.29000000,134.58000000,132.62000000,134.38000000,134.38000000,161514247
2025-05-21,133.06000000,137.40000000,130.59000000,131.80000000,131.80000000,270608738
2025-05-22,132.23000000,134.25000000,131.55000000,132.83000000,132.83000000,187343954
2025-05-23,130.00000000,132.68000000,129.16000000,131.29000000,131.29000000,198821324
2025-05-27,134.15000000,135.66000000,133.31000000,135.50000000,135.50000000,192953613
2025-05-28,136.02500000,137.25000000,134.79000000,134.81000000,134.81000000,304021146
2025-05-29,142.24500000,143.49000000,137.91000000,139.19000000,139.19000000,370615167
2025-05-30,138.71500000,139.62000000,132.92000000,135.13000000,135.13000000,333170851
2025-06-02,135.49000000,138.12000000,135.40000000,137.38000000,137.38000000,197663116
2025-06-03,138.78000000,142.00000000,137.95000000,141.22000000,141.22000000,225578783
2025-06-04,142.19000000,142.39000000,139.54500000,141.92000000,141.92000000,167120819
2025-06-05,142.17000000,144.00000000,138.83000000,139.99000000,139.99000000,232410759
2025-06-06,142.51000000,143.27000000,141.51000000,141.72000000,141.72000000,153986153
2025-06-09,143.19000000,145.00000000,141.94000000,142.63000000,142.63000000,185114494
2025-06-10,142.69000000,144.29000000,141.52500000,143.96000000,143.96000000,155881897
2025-06-11,144.61000000,144.99000000,141.87000000,142.83000000,142.83000000,167694044
2025-06-12,141.97000000,145.00000000,141.85000000,145.00000000,145.00000000,162364991
2025-06-13,142.48000000,143.58000000,140.85500000,141.97000000,141.97000000,180820565
2025-06-16,143.34500000,146.17500000,143.20010000,144.69000000,144.69000000,183133666
2025-06-17,144.49000000,145.22000000,143.78000000,144.12000000,144.12000000,139108000
2025-06-18,144.00500000,145.65000000,143.12000000,145.48000000,145.48000000,161494121
2025-06-20,145.45000000,146.20000000,142.65000000,143.85000000,143.85000000,242956157
2025-06-23,142.50000000,144.78000000,142.03000000,144.17000000,144.17000000,154308941
2025-06-24,145.56000000,147.96000000,145.50000000,147.90000000,147.90000000,187566121
2025-06-25,149.27000000,154.45000000,149.26000000,154.31000000,154.31000000,269146471
2025-06-26,155.97500000,156.71500000,154.00000000,155.02000000,155.02000000,198145746
2025-06-27,156.04000000,158.71000000,155.25500000,157.75000000,157.75000000,263234539
2025-06-30,158.40000000,158.66000000,155.96000000,157.99000000,157.99000000,194580316
2025-07-01,156.29000000,157.20000000,151.49000000,153.30000000,153.30000000,213143621
2025-07-02,152.98000000,157.60000000,152.97000000,157.25000000,157.25000000,171224111
2025-07-03,158.37000000,160.98000000,157.77000000,159.34000000,159.34000000,143716055
2025-07-07,158.20000000,159.31000000,157.34200000,158.24000000,158.24000000,140138975
2025-07-08,159.33000000,160.22000000,158.39000000,160.00000000,160.00000000,138133025
2025-07-09,161.22000000,164.42000000,161.16000000,162.88000000,162.88000000,183656443
2025-07-10,164.32000000,164.50000000,161.61000000,164.10000000,164.10000000,167704075
2025-07-11,163.71500000,167.89000000,163.47000000,164.92000000,164.92000000,193633263
2025-07-14,165.37000000,165.49000000,162.02000000,164.07000000,164.07000000,136975754
2025-07-15,171.19000000,172.40000000,169.19500000,170.70000000,170.70000000,230627350
2025-07-16,171.06000000,171.75000000,168.90000000,171.37000000,171.37000000,158831509
2025-07-17,172.02000000,174.16000000,170.83000000,173.00000000,173.00000000,160841119
2025-07-18,173.64000000,174.25000000,171.26000000,172.41000000,172.41000000,146456416
2025-07-21,172.75000000,173.38000000,171.00000000,171.38000000,171.38000000,123126136
2025-07-22,171.34000000,171.39000000,164.58000000,167.03000000,167.03000000,193114327
2025-07-23,169.53000000,171.26000000,167.97000000,170.78000000,170.78000000,154082197
2025-07-24,172.44000000,173.83000000,171.30000000,173.74000000,173.74000000,128984628
2025-07-25,173.61000000,174.72000000,172.96000000,173.50000000,173.50000000,122316792
2025-07-28,174.02000000,177.00000000,173.97000000,176.75000000,176.75000000,140023521
2025-07-29,177.96000000,179.38000000,175.02000000,175.51000000,175.51000000,154077512
2025-07-30,176.51000000,179.89000000,176.04000000,179.27000000,179.27000000,174312208
2025-07-31,182.90000000,183.30000000,175.93000000,177.87000000,177.87000000,221685446
2025-08-01,174.09000000,176.54000000,170.89000000,173.72000000,173.72000000,204528985
2025-08-04,175.16000000,180.20000000,174.52000000,180.00000000,180.00000000,148174609
2025-08-05,179.62000000,180.26000000,175.90000000,178.26000000,178.26000000,156407621
2025-08-06,176.32500000,179.90000000,176.25000000,179.42000000,179.42000000,137192265
2025-08-07,181.57000000,183.88000000,178.79500000,180.77000000,180.77000000,151878365
2025-08-08,181.55000000,183.30000000,180.40000000,182.70000000,182.70000000,123396679
2025-08-11,182.05000000,183.84000000,180.25000000,182.06000000,182.06000000,138323191
2025-08-12,182.96000000,184.48000000,179.46000000,183.16000000,183.16000000,145729202
2025-08-13,182.61500000,183.97000000,179.35000000,181.59000000,181.59000000,179871724
2025-08-14,179.75000000,183.02000000,179.46000000,182.02000000,182.02000000,129553959
2025-08-15,181.88000000,181.90000000,178.04170000,180.45000000,180.45000000,156602161
2025-08-18,180.60000000,182.93750000,180.59000000,182.01000000,182.01000000,132007959
2025-08-19,182.43000000,182.50000000,175.49000000,175.64000000,175.64000000,185229219
2025-08-20,175.16500000,176.00000000,168.80100000,175.40000000,175.40000000,215142725
2025-08-21,174.85000000,176.90000000,173.81000000,174.98000000,174.98000000,140040850
2025-08-22,172.61000000,178.59000000,171.20000000,177.99000000,177.99000000,172789427
2025-08-25,178.35000000,181.91000000,176.57000000,179.81000000,179.81000000,163012789
2025-08-26,180.05500000,182.39000000,178.81000000,181.77000000,181.77000000,168688186
2025-08-27,181.98000000,182.49000000,179.10000000,181.60000000,181.60000000,235518949
2025-08-28,180.82000000,184.47000000,176.41000000,180.17000000,180.17000000,281787824
2025-08-29,178.11000000,178.15000000,173.14500000,174.18000000,174.18000000,243257873
2025-09-02,170.00000000,172.37900000,167.22000000,170.78000000,170.78000000,231164853
2025-09-03,171.06000000,172.41000000,168.87500000,170.62000000,170.62000000,164424873
2025-09-04,170.57000000,171.86000000,169.41000000,171.66000000,171.66000000,141670144
2025-09-05,168.03000000,169.03000000,164.07000000,167.02000000,167.02000000,224441435
2025-09-08,167.55000000,170.96000000,167.35000000,168.31000000,168.31000000,163769133
2025-09-09,169.09000000,170.98000000,166.74010000,170.76000000,170.76000000,157548392
2025-09-10,176.64000000,179.29000000,175.47000000,177.33000000,177.33000000,226852020
2025-09-11,179.68000000,180.28000000,176.48000000,177.17000000,177.17000000,151159274
2025-09-12,177.77000000,178.59500000,176.45000000,177.82000000,177.82000000,124911026
2025-09-15,175.67000000,178.85000000,174.51000000,177.75000000,177.75000000,147061559
2025-09-16,177.00000000,177.50000000,174.38000000,174.88000000,174.88000000,140737775
2025-09-17,172.64000000,173.20000000,168.41000000,170.29000000,170.29000000,211843817
2025-09-18,173.98000000,177.10000000,172.96000000,176.24000000,176.24000000,191763313
2025-09-19,175.77000000,178.08000000,175.18000000,176.67000000,176.67000000,237182143
2025-09-22,175.30000000,184.55000000,174.70530000,183.61000000,183.61000000,269637001
2025-09-23,181.97000000,182.42000000,176.21000000,178.43000000,178.43000000,192559552
2025-09-24,179.77000000,179.78000000,175.40000000,176.97000000,176.97000000,143564116
2025-09-25,174.48000000,180.26000000,173.12500000,177.69000000,177.69000000,191586733
2025-09-26,178.17000000,179.77000000,174.93000000,178.19000000,178.19000000,148573732
2025-09-29,180.42500000,184.00000000,180.32000000,181.85000000,181.85000000,193063455
2025-09-30,182.08000000,187.35000000,181.48000000,186.58000000,186.58000000,236981032
2025-10-01,185.24000000,188.14000000,183.90000000,187.24000000,187.24000000,173844901
2025-10-02,189.60000000,191.05000000,188.06000000,188.89000000,188.89000000,136805821
2025-10-03,189.19000000,190.36000000,185.38000000,187.62000000,187.62000000,137596896
2025-10-06,185.50000000,187.23000000,183.33000000,185.54000000,185.54000000,157678104
2025-10-07,186.23000000,189.06000000,184.00000000,185.04000000,185.04000000,140088008
2025-10-08,186.57000000,189.60000000,186.54000000,189.11000000,189.11000000,130168861
2025-10-09,192.22500000,195.30000000,191.06000000,192.57000000,192.57000000,182997234
2025-10-10,193.50500000,195.62000000,182.05000000,183.16000000,183.16000000,268774359
2025-10-13,187.96500000,190.10990000,185.96000000,188.32000000,188.32000000,153482755
2025-10-14,184.77000000,184.80000000,179.70000000,180.03000000,180.03000000,205641380
2025-10-15,184.80000000,184.87000000,177.29000000,179.83000000,179.83000000,214450482
2025-10-16,182.23000000,183.28000000,179.77000000,181.81000000,181.81000000,179723309
2025-10-17,180.18000000,184.10000000,179.75000000,183.22000000,183.22000000,173135217
2025-10-20,183.13000000,185.20000000,181.73000000,182.64000000,182.64000000,128544711
2025-10-21,182.78500000,182.78500000,179.80000000,181.16000000,181.16000000,124240168
2025-10-22,181.14000000,183.44000000,176.76000000,180.28000000,180.28000000,162249552
2025-10-23,180.42000000,183.03000000,179.79010000,182.16000000,182.16000000,111363718
2025-10-24,183.83500000,187.47000000,183.50000000,186.26000000,186.26000000,131296677
2025-10-27,189.99000000,192.00000000,188.43180000,191.49000000,191.49000000,153452704
2025-10-28,193.05000000,203.15000000,191.91000000,201.03000000,201.03000000,297986180
2025-10-29,207.98000000,212.18990000,204.77500000,207.04000000,207.04000000,308829564
2025-10-30,205.15000000,206.16000000,201.41000000,202.89000000,202.89000000,178864443
2025-10-31,206.45000000,207.97000000,202.07000000,202.49000000,202.49000000,179802178
2025-11-03,208.08000000,211.33500000,205.56000000,206.88000000,206.88000000,180267285
2025-11-04,203.00000000,203.96990000,197.93000000,198.69000000,198.69000000,188919320
2025-11-05,198.77000000,202.92000000,194.65000000,195.21000000,195.21000000,171350332
2025-11-06,196.42000000,197.62000000,186.38000000,188.08000000,188.08000000,223029778
2025-11-07,184.90000000,188.32000000,178.91000000,188.15000000,188.15000000,264942255
2025-11-10,195.11000000,199.94000000,193.79000000,199.05000000,199.05000000,198897134
2025-11-11,195.15500000,195.42000000,191.30000000,193.16000000,193.16000000,176483327
2025-11-12,195.72000000,195.89000000,191.13000000,193.80000000,193.80000000,154935263
2025-11-13,191.05000000,191.44000000,183.85000000,186.86000000,186.86000000,207423074
2025-11-14,182.86000000,191.01000000,180.58000000,190.17000000,190.17000000,186591856
2025-11-17,185.96500000,189.00000000,184.32000000,186.60000000,186.60000000,173628858
2025-11-18,183.37500000,184.80000000,179.65000000,181.36000000,181.36000000,213598877
2025-11-19,184.79000000,187.85500000,182.83010000,186.52000000,186.52000000,247246436
2025-11-20,195.95000000,196.00000000,179.85000000,180.64000000,180.64000000,343504849
2025-11-21,181.23500000,184.56000000,172.93000000,178.88000000,178.88000000,346926153
2025-11-24,179.49000000,183.50000000,176.48000000,182.55000000,182.55000000,256618335
2025-11-25,174.91000000,178.16000000,169.55000000,177.82000000,177.82000000,320600271
2025-11-26,181.63000000,182.91000000,178.24000000,180.26000000,180.26000000,183852010
2025-11-28,179.01000000,179.29000000,176.50000000,177.00000000,177.00000000,121332776
2025-12-01,174.76000000,180.30000000,173.68000000,179.92000000,179.92000000,188130955
2025-12-02,181.76000000,185.66000000,180.00000000,181.46000000,181.46000000,182632230
2025-12-03,181.08000000,182.45000000,179.11010000,179.59000000,179.59000000,165138023
2025-12-04,181.62000000,184.51500000,179.96000000,183.38000000,183.38000000,167364857
2025-12-05,183.89000000,184.66000000,180.91000000,182.41000000,182.41000000,143971098
2025-12-08,182.64000000,188.00000000,182.40000000,185.55000000,185.55000000,204378106
2025-12-09,185.56000000,185.71670000,183.32000000,184.97000000,184.97000000,144719705
2025-12-10,184.96500000,185.48000000,182.03500000,183.78000000,183.78000000,162785370
2025-12-11,180.27500000,181.32000000,176.62000000,180.93000000,180.93000000,182136641
2025-12-12,181.11000000,182.82000000,174.62000000,175.02000000,175.02000000,204274918
2025-12-15,177.93600000,178.41500000,175.03000000,176.29000000,176.29000000,164775636
2025-12-16,176.26000000,178.49000000,174.90000000,177.72000000,177.72000000,148588098
2025-12-17,176.10000000,176.13000000,170.31000000,170.94000000,170.94000000,222775464
2025-12-18,174.53000000,176.15000000,171.82000000,174.14000000,174.14000000,176096001
2025-12-19,176.66500000,181.45000000,176.34000000,180.99000000,180.99000000,324925927
2025-12-22,183.92000000,184.16000000,182.35000000,183.69000000,183.69000000,129064369
2025-12-23,182.97000000,189.33000000,182.90000000,189.21000000,189.21000000,174873621
2025-12-24,187.94000000,188.91000000,186.59000000,188.61000000,188.61000000,65528545
2025-12-26,189.92000000,192.69000000,188.00000000,190.53000000,190.53000000,139740292
2025-12-29,187.71000000,188.75500000,185.91000000,188.22000000,188.22000000,120006103
2025-12-30,188.24000000,188.99000000,186.93000000,187.54000000,187.54000000,97687274
2025-12-31,189.57000000,190.56000000,186.49000000,186.50000000,186.50000000,120100484
2026-01-02,189.83500000,192.92990000,188.26000000,188.85000000,188.85000000,148240462
2026-01-05,191.76000000,193.63000000,186.15000000,188.12000000,188.12000000,183529733
2026-01-06,190.52000000,192.17400000,186.82000000,187.24000000,187.24000000,176862604
2026-01-07,188.57000000,191.37000000,186.56000000,189.11000000,189.11000000,153543174
2026-01-08,189.11000000,189.55000000,183.71000000,185.04000000,185.04000000,172457048
2026-01-09,185.08000000,186.34000000,183.67010000,184.86000000,184.86000000,131327534
2026-01-12,183.22000000,187.12000000,183.02000000,184.94000000,184.94000000,137968453
2026-01-13,184.99500000,188.10990000,183.40000000,185.81000000,185.81000000,160128939
2026-01-14,184.32000000,184.46000000,180.80000000,183.14000000,183.14000000,159586135
2026-01-15,186.50000000,189.70000000,186.33000000,187.05000000,187.05000000,206188642
2026-01-16,189.07500000,190.44000000,186.08000000,186.23000000,186.23000000,187967169
2026-01-20,181.90000000,182.37860000,177.61000000,178.07000000,178.07000000,223345257
2026-01-21,179.05000000,185.37900000,178.40000000,183.32000000,183.32000000,200380959
2026-01-22,184.75000000,186.17000000,183.93000000,184.84000000,184.84000000,139636626
2026-01-23,187.50000000,189.60000000,186.82330000,187.67000000,187.67000000,142748076
2026-01-26,187.16000000,189.12000000,185.99000000,186.47000000,186.47000000,124799649
2026-01-27,187.24000000,190.00000000,185.70000000,188.52000000,188.52000000,143711557
2026-01-28,191.27000000,192.35000000,189.84000000,191.52000000,191.52000000,148552677
2026-01-29,191.34000000,193.48000000,186.06000000,192.51000000,192.51000000,171764375
2026-01-30,191.21000000,194.49000000,189.47000000,191.13000000,191.13000000,179489463
2026-02-02,187.20000000,190.30000000,184.88000000,185.61000000,185.61000000,165794054
2026-02-03,186.24000000,186.27000000,176.23000000,180.34000000,180.34000000,204019589
2026-02-04,179.46000000,179.58000000,171.91000000,174.19000000,174.19000000,207014116
2026-02-05,174.92500000,176.81500000,171.03000000,171.88000000,171.88000000,206312890
2026-02-06,176.69000000,187.00000000,174.60000000,185.41000000,185.41000000,231346241
2026-02-09,184.26000000,193.66000000,183.95000000,190.04000000,190.04000000,196387351
2026-02-10,191.38000000,192.48000000,188.12000000,188.54000000,188.54000000,136764825
2026-02-11,192.45000000,193.26000000,188.77000000,190.05000000,190.05000000,144192685
2026-02-12,193.03000000,193.61000000,186.51000000,186.94000000,186.94000000,189932491
2026-02-13,187.47500000,187.50000000,181.59000000,182.81000000,182.81000000,161888021
2026-02-17,181.75000000,187.15000000,179.18000000,184.97000000,184.97000000,162276860
2026-02-18,188.75000000,190.37000000,186.76000000,187.98000000,187.98000000,164749125
2026-02-19,187.05500000,188.43000000,185.66000000,187.90000000,187.90000000,126554526
2026-02-20,186.57000000,190.33000000,185.93780000,189.82000000,189.82000000,178422337
2026-02-23,191.40000000,193.95000000,189.57500000,191.55000000,191.55000000,171584839
2026-02-24,191.49000000,193.77000000,187.40000000,192.85000000,192.85000000,175123602
2026-02-25,194.45000000,197.62990000,193.79000000,195.56000000,195.56000000,249656381
