Date,Open,High,Low,Close,Adj Close,Volume
2024-02-27,437.67000000,437.99000000,435.02500000,437.60000000,437.60000000,33713220
2024-02-28,435.43000000,436.67000000,434.30000000,435.27000000,435.27000000,32938821
2024-02-29,438.23000000,440.09000000,435.02000000,439.00000000,439.00000000,42495152
2024-03-01,439.90000000,446.58000000,439.84000000,445.61000000,445.61000000,43853029
2024-03-04,445.61000000,446.04000000,443.77000000,444.02000000,444.02000000,34325687
2024-03-05,440.94000000,440.95000000,433.65000000,436.05000000,436.05000000,57917135
2024-03-06,440.32000000,441.99000000,436.89000000,438.79000000,438.79000000,46234460
2024-03-07,442.42000000,446.72000000,440.86000000,445.45000000,445.45000000,44526666
2024-03-08,445.81000000,448.64000000,438.34000000,439.02000000,439.02000000,72095957
2024-03-11,437.51000000,438.66000000,435.44000000,437.39000000,437.39000000,45859992
2024-03-12,439.73000000,444.02000000,436.46000000,443.66000000,443.66000000,55300909
2024-03-13,442.65000000,442.67000000,439.12000000,440.25000000,440.25000000,37928691
2024-03-14,441.50000000,442.03000000,436.39000000,439.14000000,439.14000000,52195208
2024-03-15,436.07000000,438.87330000,432.74170000,433.92000000,433.92000000,73069824
2024-03-18,438.73000000,441.04000000,437.24000000,437.48000000,437.48000000,47323802
2024-03-19,435.45000000,438.98000000,433.33000000,438.57000000,438.57000000,43004105
2024-03-20,439.78000000,444.11000000,438.06000000,443.77000000,443.77000000,43653490
2024-03-21,448.88000000,449.34000000,445.67000000,445.87000000,445.87000000,39345652
2024-03-22,445.35000000,447.49000000,444.49000000,446.38000000,446.38000000,28253899
2024-03-25,443.55000000,446.26000000,442.54000000,444.76000000,444.76000000,27789154
2024-03-26,446.30000000,447.22500000,443.09000000,443.32000000,443.32000000,34142043
2024-03-27,446.44000000,446.54000000,441.93000000,444.83000000,444.83000000,41359240
2024-03-28,444.78000000,445.64000000,443.65000000,444.01000000,444.01000000,36839641
2024-04-01,444.97000000,447.53000000,443.02000000,444.95000000,444.95000000,38728951
2024-04-02,440.08000000,441.43000000,438.03000000,441.11000000,441.11000000,44259665
2024-04-03,438.96000000,444.00000000,438.95000000,442.10000000,442.10000000,39949750
2024-04-04,446.33000000,446.95000000,435.11000000,435.34000000,435.34000000,57267660
2024-04-05,436.78000000,443.17000000,435.96000000,440.47000000,440.47000000,54744634
2024-04-08,441.41000000,442.50000000,439.20000000,440.60000000,440.60000000,28144944
2024-04-09,442.96000000,443.24000000,437.44000000,442.23000000,442.23000000,39521568
2024-04-10,437.00000000,439.24000000,436.28000000,438.37000000,438.37000000,61502191
2024-04-11,440.26000000,446.33000000,437.96000000,445.37000000,445.37000000,45474550
2024-04-12,441.10000000,442.24000000,436.88000000,438.27000000,438.27000000,53664995
2024-04-15,442.06000000,442.15000000,430.21000000,431.06000000,431.06000000,63453622
2024-04-16,430.90000000,433.76000000,429.70000000,431.10000000,431.10000000,47618961
2024-04-17,433.10000000,433.12000000,424.90000000,425.84000000,425.84000000,56880536
2024-04-18,426.49000000,428.24000000,422.83000000,423.41000000,423.41000000,46549363
2024-04-19,422.22000000,422.75000000,413.07000000,414.65000000,414.65000000,75230990
2024-04-22,417.31000000,421.18000000,413.94000000,418.82000000,418.82000000,47807663
2024-04-23,420.77000000,426.28000000,418.87150000,425.07000000,425.07000000,44384741
2024-04-24,428.20000000,429.73000000,424.20000000,426.51000000,426.51000000,48440305
2024-04-25,419.24000000,425.32000000,418.14000000,424.45000000,424.45000000,57392169
2024-04-26,427.62000000,432.55000000,426.92000000,431.00000000,431.00000000,41874907
2024-04-29,433.13000000,433.76000000,429.98000000,432.75000000,432.75000000,30022161
2024-04-30,431.15000000,432.56000000,424.51000000,424.59000000,424.59000000,43665934
2024-05-01,423.15000000,430.14000000,420.66000000,421.52000000,421.52000000,52251707
2024-05-02,425.30000000,427.81000000,420.63000000,426.90000000,426.90000000,36559007
2024-05-03,434.44000000,436.48000000,432.62000000,435.48000000,435.48000000,48515252
2024-05-06,437.30000000,440.34000000,436.52000000,440.25000000,440.25000000,30227200
2024-05-07,440.70000000,441.97000000,439.58000000,440.32000000,440.32000000,30996094
2024-05-08,437.67000000,441.48000000,437.55000000,440.06000000,440.06000000,24896723
2024-05-09,440.33000000,441.60000000,438.46000000,441.02000000,441.02000000,24580121
2024-05-10,442.54000000,444.31000000,440.49900000,442.06000000,442.06000000,27116566
2024-05-13,443.99000000,444.09000000,441.65000000,443.08000000,443.08000000,22994192
2024-05-14,442.65000000,446.46500000,442.46000000,445.93000000,445.93000000,34478321
2024-05-15,448.43000000,453.15000000,446.90000000,452.90000000,452.90000000,41464651
2024-05-16,452.71000000,454.69000000,451.81000000,451.98000000,451.98000000,34780412
2024-05-17,452.11000000,452.72000000,449.53990000,451.76000000,451.76000000,35803719
2024-05-20,451.98000000,455.58000000,451.78500000,454.91000000,454.91000000,24474226
2024-05-21,453.04000000,455.99000000,452.84000000,455.80000000,455.80000000,23167720
2024-05-22,456.06000000,456.82000000,453.08000000,455.71000000,455.71000000,25120040
2024-05-23,460.55000000,460.58000000,451.85030000,453.66000000,453.66000000,40899230
2024-05-24,455.29000000,459.23000000,453.56740000,457.95000000,457.95000000,29669461
2024-05-28,459.18000000,459.74000000,456.69000000,459.68000000,459.68000000,26216815
2024-05-29,455.48000000,458.24000000,455.34000000,456.44000000,456.44000000,29739238
2024-05-30,455.50000000,455.64000000,450.21000000,451.55000000,451.55000000,30714121
2024-05-31,451.78000000,452.48000000,443.05500000,450.71000000,450.71000000,55941301
2024-06-03,454.57000000,455.58000000,447.90000000,453.13000000,453.13000000,32997467
2024-06-04,452.87000000,455.57500000,451.13110000,454.37000000,454.37000000,23767436
2024-06-05,457.98000000,463.61000000,454.40800000,463.53000000,463.53000000,33817409
2024-06-06,464.22000000,464.54000000,462.19000000,463.37000000,463.37000000,21966820
2024-06-07,463.00000000,465.74000000,461.84000000,462.96000000,462.96000000,25829720
2024-06-10,461.82000000,465.19000000,461.53000000,464.83000000,464.83000000,20719771
2024-06-11,463.54000000,468.14000000,462.03000000,468.02000000,468.02000000,22053281
2024-06-12,471.99000000,476.50000000,471.29000000,474.15000000,474.15000000,34532585
2024-06-13,477.72000000,478.39000000,474.42000000,476.72000000,476.72000000,25859014
2024-06-14,476.52000000,479.26000000,476.05000000,479.19000000,479.19000000,23372620
2024-06-17,479.46000000,486.86000000,478.14000000,485.06000000,485.06000000,37054504
2024-06-18,485.01000000,485.90000000,483.43000000,485.21000000,485.21000000,24438565
2024-06-20,486.42000000,486.83870000,479.62000000,481.47000000,481.47000000,33918683
2024-06-21,481.19000000,482.53500000,478.67000000,480.18000000,480.18000000,39432913
2024-06-24,478.18000000,479.93000000,473.82000000,473.96000000,473.96000000,37750969
2024-06-25,476.07000000,479.68000000,475.12000000,479.38000000,479.38000000,29250209
2024-06-26,478.55000000,480.92000000,478.13000000,480.37000000,480.37000000,22737105
2024-06-27,480.12000000,483.10000000,479.30000000,481.61000000,481.61000000,26222135
2024-06-28,482.41000000,487.20000000,478.46000000,479.11000000,479.11000000,34881581
2024-07-01,480.04000000,482.49000000,476.25500000,481.92000000,481.92000000,24898336
2024-07-02,480.41000000,487.04000000,480.28000000,486.98000000,486.98000000,26723559
2024-07-03,486.22000000,491.17000000,486.22000000,491.04000000,491.04000000,18064880
2024-07-05,491.89000000,496.60000000,491.59000000,496.16000000,496.16000000,28495936
2024-07-08,496.53000000,497.89500000,495.50000000,497.34000000,497.34000000,22109420
2024-07-09,498.87000000,500.00000000,496.24000000,497.77000000,497.77000000,25701253
2024-07-10,499.71000000,503.52000000,498.39000000,502.96000000,502.96000000,28046901
2024-07-11,503.07000000,503.28000000,490.72500000,491.93000000,491.93000000,49966590
2024-07-12,492.51000000,499.62000000,492.04000000,494.82000000,494.82000000,37109399
2024-07-15,496.61000000,501.01000000,494.09000000,496.15000000,496.15000000,31151386
2024-07-16,497.62000000,498.44000000,493.15000000,496.34000000,496.34000000,25950622
2024-07-17,488.28000000,488.79840000,481.70000000,481.77000000,481.77000000,56268768
2024-07-18,485.53000000,485.71000000,476.27000000,479.49000000,479.49000000,49347361
2024-07-19,479.15000000,481.69000000,473.94000000,475.24000000,475.24000000,42042856
2024-07-22,481.16000000,483.35000000,477.70680000,482.32000000,482.32000000,40299999
2024-07-23,481.41000000,484.43000000,480.14000000,480.62000000,480.62000000,23282454
2024-07-24,473.82000000,474.19000000,462.51000000,463.38000000,463.38000000,58818629
2024-07-25,463.72000000,467.94000000,455.63000000,458.27000000,458.27000000,59256759
2024-07-26,462.65000000,465.93000000,459.77000000,462.97000000,462.97000000,39992132
2024-07-29,465.71000000,467.91000000,461.61500000,463.90000000,463.90000000,28218476
2024-07-30,465.85000000,466.56100000,454.15000000,457.53000000,457.53000000,41317210
2024-07-31,467.87000000,472.79000000,466.41000000,471.07000000,471.07000000,44552134
2024-08-01,471.76000000,475.55000000,455.98000000,459.66000000,459.66000000,56653900
2024-08-02,450.89000000,453.57000000,444.47000000,448.75000000,448.75000000,66323244
2024-08-05,424.71000000,442.29000000,423.45000000,435.37000000,435.37000000,87483452
2024-08-06,437.23000000,447.07000000,434.56000000,439.53000000,439.53000000,63164429
2024-08-07,446.49000000,449.00000000,434.37000000,434.77000000,434.77000000,54929163
2024-08-08,441.06000000,448.99000000,437.15000000,448.07000000,448.07000000,47890071
2024-08-09,446.74000000,452.06000000,445.61000000,450.41000000,450.41000000,33573976
2024-08-12,451.39000000,454.37000000,448.55460000,451.38000000,451.38000000,27795006
2024-08-13,455.82000000,462.85000000,455.68000000,462.58000000,462.58000000,40084457
2024-08-14,463.51000000,465.10930000,458.40000000,462.73000000,462.73000000,34733746
2024-08-15,468.76000000,474.82000000,468.38000000,474.42000000,474.42000000,38280565
2024-08-16,472.62000000,476.41000000,471.65000000,475.03000000,475.03000000,38383623
2024-08-19,475.17000000,481.31000000,473.37000000,481.27000000,481.27000000,23737674
2024-08-20,480.35000000,482.94000000,478.55000000,480.26000000,480.26000000,29209340
2024-08-21,481.05000000,484.37000000,479.32000000,482.50000000,482.50000000,25658787
2024-08-22,484.84000000,485.54000000,473.81000000,474.85000000,474.85000000,37739576
2024-08-23,479.24000000,482.74000000,475.28000000,480.00000000,480.00000000,36061508
2024-08-26,479.45000000,480.38000000,473.24000000,475.34000000,475.34000000,27452641
2024-08-27,473.69000000,477.84000000,471.71000000,476.76000000,476.76000000,27510003
2024-08-28,476.29000000,477.02000000,467.89000000,471.35000000,471.35000000,37372436
2024-08-29,473.28000000,477.93000000,469.37200000,470.66000000,470.66000000,41081465
2024-08-30,475.04000000,476.90000000,470.51000000,476.27000000,476.27000000,33466473
2024-09-03,473.20000000,473.33000000,459.41010000,461.81000000,461.81000000,44985219
2024-09-04,458.67000000,464.45000000,457.73000000,460.61000000,460.61000000,32505102
2024-09-05,458.97000000,465.36000000,457.93900000,461.04000000,461.04000000,34452385
2024-09-06,460.33000000,461.22000000,448.19000000,448.69000000,448.69000000,50624385
2024-09-09,453.06000000,455.46000000,449.82340000,454.46000000,454.46000000,32981169
2024-09-10,456.24000000,459.17000000,452.23000000,458.66000000,458.66000000,29680319
2024-09-11,459.91000000,469.37000000,451.28000000,468.62000000,468.62000000,57842992
2024-09-12,468.65000000,474.04000000,466.84910000,473.22000000,473.22000000,40175456
2024-09-13,472.48000000,476.53000000,472.25000000,475.34000000,475.34000000,29111849
2024-09-16,473.19000000,473.85990000,469.89000000,473.24000000,473.24000000,22585596
2024-09-17,476.29000000,477.60000000,470.97000000,473.49000000,473.49000000,30084438
2024-09-18,474.70000000,478.83000000,470.83000000,471.44000000,471.44000000,39909215
2024-09-19,482.61000000,486.23000000,480.49000000,483.36000000,483.36000000,52782523
2024-09-20,482.49000000,483.69000000,478.30000000,482.44000000,482.44000000,34577663
2024-09-23,482.95000000,484.14000000,481.60000000,483.04000000,483.04000000,24842972
2024-09-24,484.46000000,486.33000000,480.17000000,485.37000000,485.37000000,25952637
2024-09-25,484.74000000,487.79000000,484.56000000,485.82000000,485.82000000,26549866
2024-09-26,493.37000000,493.70000000,485.80000000,489.47000000,489.47000000,32020206
2024-09-27,490.50000000,490.64000000,485.56000000,486.75000000,486.75000000,22851120
2024-09-30,485.78000000,488.41000000,482.92000000,488.07000000,488.07000000,30330605
2024-10-01,487.70000000,488.00000000,477.40000000,481.27000000,481.27000000,42735424
2024-10-02,480.36000000,483.88000000,477.72000000,481.95000000,481.95000000,23744049
2024-10-03,479.74000000,484.54500000,478.99000000,481.59000000,481.59000000,25337220
2024-10-04,487.45000000,487.88000000,482.38500000,487.32000000,487.32000000,30744909
2024-10-07,485.39000000,486.57000000,480.87000000,482.10000000,482.10000000,24975119
2024-10-08,484.66000000,489.99000000,483.84500000,489.30000000,489.30000000,28272017
2024-10-09,489.00000000,493.73000000,487.95000000,493.15000000,493.15000000,24994950
2024-10-10,490.85000000,494.47000000,489.53000000,492.59000000,492.59000000,25750446
2024-10-11,490.74000000,494.39000000,490.17000000,493.36000000,493.36000000,20644497
2024-10-14,495.77000000,498.83000000,495.26000000,497.50000000,497.50000000,26060145
2024-10-15,497.83000000,498.50000000,488.68000000,490.85000000,490.85000000,34784506
2024-10-16,491.18000000,491.69000000,487.57000000,490.91000000,490.91000000,22996776
2024-10-17,496.44000000,496.49000000,491.19010000,491.25000000,491.25000000,27210658
2024-10-18,494.06000000,495.57000000,493.30000000,494.47000000,494.47000000,25335030
2024-10-21,493.25000000,496.23000000,491.31000000,495.42000000,495.42000000,30336549
2024-10-22,492.73000000,497.44500000,491.97000000,495.96000000,495.96000000,26685841
2024-10-23,493.59000000,494.25000000,485.05000000,488.36000000,488.36000000,39346565
2024-10-24,492.11000000,493.00000000,489.44000000,492.32000000,492.32000000,22024930
2024-10-25,495.14000000,500.28000000,494.43000000,495.32000000,495.32000000,38762143
2024-10-28,498.46000000,498.52000000,495.10000000,495.40000000,495.40000000,20477778
2024-10-29,495.72000000,501.35000000,493.85000000,500.16000000,500.16000000,28014059
2024-10-30,499.39000000,500.35000000,495.89000000,496.38000000,496.38000000,29755960
2024-10-31,492.38000000,492.43000000,483.75000000,483.85000000,483.85000000,41245248
2024-11-01,485.50000000,490.75070000,485.20000000,487.43000000,487.43000000,33655757
2024-11-04,486.82000000,489.38000000,484.25450000,486.01000000,486.01000000,23291580
2024-11-05,487.61000000,492.88000000,487.52000000,492.21000000,492.21000000,24353615
2024-11-06,500.56000000,506.41000000,499.60000000,505.58000000,505.58000000,43082198
2024-11-07,508.40000000,514.33000000,508.34000000,513.54000000,513.54000000,32853120
2024-11-08,513.03500000,514.91750000,512.41000000,514.14000000,514.14000000,22924483
2024-11-11,515.37000000,515.58000000,510.92000000,513.84000000,513.84000000,24167479
2024-11-12,513.77000000,514.66000000,509.83000000,512.91000000,512.91000000,25835288
2024-11-13,512.40000000,514.98000000,509.95000000,512.25000000,512.25000000,24567416
2024-11-14,511.91000000,512.79000000,507.77000000,508.69000000,508.69000000,28679519
2024-11-15,502.94000000,503.33000000,494.49000000,496.57000000,496.57000000,51461054
2024-11-18,498.13000000,502.14000000,496.73000000,500.02000000,500.02000000,27192662
2024-11-19,497.42000000,503.95360000,497.08000000,503.46000000,503.46000000,24523020
2024-11-20,503.16000000,503.48000000,496.55500000,503.17000000,503.17000000,29565491
2024-11-21,506.24000000,506.96000000,497.56000000,504.98000000,504.98000000,34526738
2024-11-22,504.42000000,506.53000000,502.78000000,505.79000000,505.79000000,23826644
2024-11-25,509.90000000,511.45250000,504.26250000,506.59000000,506.59000000,26375166
2024-11-26,508.08000000,510.14000000,507.23000000,509.31000000,509.31000000,26557061
2024-11-27,508.17000000,508.24000000,501.93000000,505.30000000,505.30000000,24957441
2024-11-29,505.93000000,510.34000000,505.31000000,509.74000000,509.74000000,15333968
2024-12-02,511.01000000,516.26000000,510.62000000,515.29000000,515.29000000,25147165
2024-12-03,513.95000000,517.15000000,513.37000000,516.87000000,516.87000000,18597900
2024-12-04,520.32000000,523.52000000,519.60000000,523.26000000,523.26000000,26086222
2024-12-05,523.31000000,524.03990000,521.42000000,521.81000000,521.81000000,18169632
2024-12-06,522.48000000,526.72000000,522.35000000,526.48000000,526.48000000,23762611
2024-12-09,525.55000000,526.35000000,521.22000000,522.38000000,522.38000000,20674405
2024-12-10,523.62000000,525.38000000,519.16000000,520.60000000,520.60000000,24350040
2024-12-11,525.00000000,530.61000000,524.59000000,529.92000000,529.92000000,32168579
2024-12-12,527.68000000,528.96000000,526.02000000,526.50000000,526.50000000,23577504
2024-12-13,530.46000000,533.16610000,527.30010000,530.53000000,530.53000000,28780405
2024-12-16,533.08000000,539.15000000,533.00000000,538.17000000,538.17000000,31979863
2024-12-17,536.36000000,537.48000000,534.13000000,535.80000000,535.80000000,28579070
2024-12-18,535.15000000,536.87990000,515.01000000,516.47000000,516.47000000,54703155
2024-12-19,521.19000000,521.75990000,513.83000000,514.17000000,514.17000000,46441754
2024-12-20,510.44000000,524.82000000,509.29000000,518.66000000,518.66000000,60529961
2024-12-23,519.55000000,523.25000000,516.13000000,522.87000000,522.87000000,29672800
2024-12-24,524.83000000,530.05000000,524.19000000,529.96000000,529.96000000,17558215
2024-12-26,528.32000000,531.24000000,526.31000000,529.60000000,529.60000000,19141494
2024-12-27,526.01000000,526.45000000,517.86000000,522.56000000,522.56000000,33839555
2024-12-30,515.51000000,519.36000000,511.83000000,515.61000000,515.61000000,34584028
2024-12-31,516.90000000,517.66000000,510.26000000,511.23000000,511.23000000,29117028
2025-01-02,514.30000000,516.64000000,505.71000000,510.23000000,510.23000000,36389783
2025-01-03,513.35000000,519.64540000,512.53000000,518.58000000,518.58000000,29059520
2025-01-06,524.02000000,527.92000000,522.03000000,524.54000000,524.54000000,36109734
2025-01-07,525.59000000,525.99000000,513.28000000,515.18000000,515.18000000,36690272
2025-01-08,515.08000000,516.91990000,510.57000000,515.27000000,515.27000000,30777777
2025-01-10,511.48000000,511.58000000,503.92000000,507.19000000,507.19000000,40532495
2025-01-13,501.20000000,506.02000000,499.70000000,505.56000000,505.56000000,31694210
2025-01-14,508.74000000,510.15500000,501.59000000,505.08000000,505.08000000,33737237
2025-01-15,513.03000000,517.85000000,511.46000000,516.70000000,516.70000000,34957554
2025-01-16,518.98000000,519.05990000,512.95000000,513.08000000,513.08000000,28229037
2025-01-17,522.85000000,524.07330000,513.10860000,521.74000000,521.74000000,51837941
2025-01-21,524.48000000,525.97000000,520.06000000,524.80000000,524.80000000,23627971
2025-01-22,529.57000000,533.82000000,529.26000000,531.51000000,531.51000000,33592988
2025-01-23,529.04000000,532.76000000,528.45000000,532.64000000,532.64000000,23096588
2025-01-24,533.02000000,533.79000000,528.15000000,529.63000000,529.63000000,19878251
2025-01-27,511.00000000,517.99000000,510.15000000,514.21000000,514.21000000,60771695
2025-01-28,515.22000000,523.00000000,511.78000000,521.81000000,521.81000000,33194214
2025-01-29,522.46000000,522.59000000,516.89880000,520.83000000,520.83000000,26649011
2025-01-30,523.71000000,526.09500000,518.21000000,523.05000000,523.05000000,27431302
2025-01-31,526.92000000,531.51780000,521.19000000,522.29000000,522.29000000,38845467
2025-02-03,513.47000000,520.84960000,511.05000000,518.11000000,518.11000000,40580835
2025-02-04,518.63000000,525.11000000,518.23000000,524.47000000,524.47000000,26046753
2025-02-05,521.82000000,527.01000000,520.62000000,526.85000000,526.85000000,21134070
2025-02-06,527.36000000,529.81000000,525.74130000,529.60000000,529.60000000,19434454
2025-02-07,530.14000000,532.10000000,522.19000000,522.92000000,522.92000000,29605470
2025-02-10,527.22000000,530.35710000,526.75000000,529.25000000,529.25000000,20852784
2025-02-11,525.96000000,529.92000000,525.83000000,527.99000000,527.99000000,19325500
2025-02-12,522.30000000,529.19000000,521.95000000,528.30000000,528.30000000,25009362
2025-02-13,529.98000000,536.22000000,529.19000000,535.90000000,535.90000000,28714799
2025-02-14,536.00500000,538.84000000,535.67000000,538.15000000,538.15000000,17862572
2025-02-18,539.73000000,540.00000000,536.04000000,539.37000000,539.37000000,20565028
2025-02-19,538.57000000,540.81000000,536.46000000,539.52000000,539.52000000,19666861
2025-02-20,538.73000000,539.10000000,532.46000000,537.23000000,537.23000000,26550753
2025-02-21,538.38000000,538.40000000,525.71000000,526.08000000,526.08000000,47093750
2025-02-24,527.88000000,529.06900000,519.53000000,519.87000000,519.87000000,39268392
2025-02-25,519.24000000,519.32000000,509.44000000,513.32000000,513.32000000,48940025
2025-02-26,515.53000000,519.66000000,511.37000000,514.56000000,514.56000000,34457618
2025-02-27,518.13000000,519.06990000,500.05000000,500.27000000,500.27000000,52447966
2025-02-28,500.13000000,508.78000000,496.93000000,508.17000000,508.17000000,47654043
2025-03-03,511.52000000,513.04000000,493.58000000,497.05000000,497.05000000,44587204
2025-03-04,494.18000000,503.74000000,487.73500000,495.55000000,495.55000000,67875402
2025-03-05,496.20000000,503.63000000,491.26000000,502.01000000,502.01000000,46323725
2025-03-06,493.69000000,498.58000000,486.20000000,488.20000000,488.20000000,57574332
2025-03-07,487.16000000,493.28000000,480.53000000,491.79000000,491.79000000,54714726
2025-03-10,483.45000000,483.97000000,468.66000000,472.73000000,472.73000000,76668029
2025-03-11,472.35000000,478.80500000,467.01000000,471.60000000,471.60000000,68760771
2025-03-12,479.16000000,481.06000000,471.79000000,476.92000000,476.92000000,46971082
2025-03-13,476.25000000,476.28010000,466.43000000,468.34000000,468.34000000,46563349
2025-03-14,473.73000000,480.56000000,473.12000000,479.66000000,479.66000000,43563010
2025-03-17,479.61000000,485.84000000,477.80000000,482.77000000,482.77000000,41744354
2025-03-18,479.41000000,479.61000000,472.41000000,474.54000000,474.54000000,39072265
2025-03-19,476.81000000,485.33000000,474.87000000,480.89000000,480.89000000,40430334
2025-03-20,476.88000000,484.55000000,476.18000000,479.26000000,479.26000000,36780549
2025-03-21,474.08000000,481.61000000,472.90500000,480.84000000,480.84000000,42234874
2025-03-24,487.74000000,491.51000000,484.40000000,490.66000000,490.66000000,34567186
2025-03-25,491.39000000,493.62000000,490.42000000,493.46000000,493.46000000,26035241
2025-03-26,492.30000000,493.16000000,482.82000000,484.38000000,484.38000000,35043357
2025-03-27,482.41000000,486.57990000,480.25000000,481.62000000,481.62000000,33469817
2025-03-28,479.81000000,480.52000000,468.05000000,468.94000000,468.94000000,46363797
2025-03-31,461.92000000,469.86000000,457.33000000,468.92000000,468.92000000,53000303
2025-04-01,467.30000000,473.63000000,464.42000000,472.70000000,472.70000000,41156226
2025-04-02,466.12000000,479.56000000,465.86000000,476.15000000,476.15000000,49894489
2025-04-03,456.44000000,460.07000000,450.14000000,450.66000000,450.66000000,70456338
2025-04-04,438.14000000,440.37000000,422.67000000,422.67000000,422.67000000,117088441
2025-04-07,408.66000000,443.14000000,402.39000000,423.69000000,423.69000000,161556970
2025-04-08,438.16000000,443.13840000,409.79000000,416.06000000,416.06000000,101248060
2025-04-09,415.57000000,467.83000000,415.43000000,466.00000000,466.00000000,142876878
2025-04-10,453.56000000,455.59000000,432.63000000,446.18000000,446.18000000,108384092
2025-04-11,444.65000000,455.79000000,441.33000000,454.40000000,454.40000000,52483779
2025-04-14,464.46000000,465.05000000,452.63000000,457.48000000,457.48000000,43941179
2025-04-15,458.54000000,462.38000000,456.15000000,457.99000000,457.99000000,35404210
2025-04-16,449.03000000,452.62000000,437.76000000,444.18000000,444.18000000,48980552
2025-04-17,447.17000000,447.75000000,441.36000000,444.10000000,444.10000000,44837047
2025-04-21,438.23000000,439.08000000,427.93000000,433.11000000,433.11000000,44149313
2025-04-22,438.82000000,447.58000000,437.62000000,444.48000000,444.48000000,52304388
2025-04-23,458.17000000,463.38000000,452.88000000,454.56000000,454.56000000,55801136
2025-04-24,456.48000000,467.66000000,455.83000000,467.35000000,467.35000000,45956136
2025-04-25,466.97000000,473.09000000,465.39000000,472.56000000,472.56000000,38697063
2025-04-28,473.03000000,474.80800000,466.03000000,472.41000000,472.41000000,33550778
2025-04-29,470.17000000,476.42430000,469.59000000,475.53000000,475.53000000,30613120
2025-04-30,467.13000000,477.20000000,462.43000000,475.47000000,475.47000000,46810610
2025-05-01,483.41000000,487.18000000,480.74000000,481.68000000,481.68000000,43316539
2025-05-02,486.54000000,490.91000000,484.83000000,488.83000000,488.83000000,39218082
2025-05-05,484.60000000,489.03000000,484.10000000,485.93000000,485.93000000,28309490
2025-05-06,479.56000000,485.05000000,478.19000000,481.41000000,481.41000000,32786310
2025-05-07,482.08000000,485.80000000,476.78200000,483.30000000,483.30000000,38109864
2025-05-08,488.53000000,492.70000000,484.17000000,488.29000000,488.29000000,39577592
2025-05-09,490.21000000,491.54000000,486.19500000,487.97000000,487.97000000,27767416
2025-05-12,506.99000000,507.89000000,501.48000000,507.85000000,507.85000000,45090616
2025-05-13,509.16000000,517.39000000,508.42000000,515.59000000,515.59000000,53269573
2025-05-14,516.77000000,519.22790000,515.75000000,518.68000000,518.68000000,47014516
2025-05-15,516.52000000,521.93000000,515.17000000,519.25000000,519.25000000,50153275
2025-05-16,520.66000000,521.70000000,517.10000000,521.51000000,521.51000000,48394603
2025-05-19,514.24000000,522.53000000,514.24000000,522.01000000,522.01000000,52536154
2025-05-20,519.47000000,520.93000000,516.66000000,520.27000000,520.27000000,42517561
2025-05-21,516.27000000,523.00000000,511.24000000,513.04000000,513.04000000,71292831
2025-05-22,513.66000000,517.71000000,512.30000000,514.00000000,514.00000000,55607169
2025-05-23,506.18000000,511.84000000,505.58000000,509.24000000,509.24000000,58368075
2025-05-27,516.15000000,521.71000000,514.59000000,521.22000000,521.22000000,47226323
2025-05-28,522.18000000,523.68000000,518.39000000,518.91000000,518.91000000,46637175
2025-05-29,526.33000000,526.48000000,517.32000000,519.93000000,519.93000000,58724069
2025-05-30,519.44000000,520.68000000,511.93000000,519.11000000,519.11000000,67662836
2025-06-02,517.24000000,523.45000000,515.97000000,523.21000000,523.21000000,44762817
2025-06-03,523.56000000,528.74000000,522.69000000,527.30000000,527.30000000,44070330
2025-06-04,528.01000000,529.84000000,525.96940000,528.77000000,528.77000000,41359322
2025-06-05,530.18000000,533.05000000,522.66000000,524.79000000,524.79000000,61286623
2025-06-06,530.00000000,531.80000000,528.21000000,529.92000000,529.92000000,42467021
2025-06-09,530.14000000,532.35000000,529.01000000,530.70000000,530.70000000,33688671
2025-06-10,531.17000000,534.90000000,528.89000000,534.21000000,534.21000000,40664795
2025-06-11,535.62000000,536.78000000,530.11000000,532.41000000,532.41000000,53701033
2025-06-12,531.09000000,534.64380000,530.84000000,533.66000000,533.66000000,34104887
2025-06-13,527.68000000,531.87000000,525.73000000,526.96000000,526.96000000,55814443
2025-06-16,530.50000000,535.37000000,530.45000000,534.29000000,534.29000000,37622051
2025-06-17,531.71000000,533.32500000,527.91000000,529.08000000,529.08000000,42180866
2025-06-18,530.10000000,532.55000000,527.40000000,528.99000000,528.99000000,43983522
2025-06-20,532.26000000,533.56000000,524.88000000,526.83000000,526.83000000,61643519
2025-06-23,526.81000000,532.17000000,523.65000000,531.65000000,531.65000000,50666146
2025-06-24,536.89000000,540.70000000,536.27000000,539.78000000,539.78000000,45441982
2025-06-25,542.06000000,543.31000000,539.38000000,541.16000000,541.16000000,44804168
2025-06-26,543.35000000,546.67000000,541.52000000,546.22000000,546.22000000,43811432
2025-06-27,547.26000000,549.99000000,544.54500000,548.09000000,548.09000000,57577147
2025-06-30,551.26000000,552.80000000,549.01000000,551.64000000,551.64000000,45548742
2025-07-01,549.73000000,550.71000000,544.66000000,546.99000000,546.99000000,56166736
2025-07-02,546.16000000,551.00000000,546.12000000,550.80000000,550.80000000,36538281
2025-07-03,553.18000000,557.20000000,553.18000000,556.22000000,556.22000000,26443524
2025-07-07,553.52000000,554.34000000,549.58000000,552.03000000,552.03000000,45349323
2025-07-08,553.38000000,554.01000000,551.10000000,552.34000000,552.34000000,36153258
2025-07-09,554.48000000,557.63000000,553.10000000,556.25000000,556.25000000,43045534
2025-07-10,556.89000000,557.30000000,552.75000000,555.45000000,555.45000000,34710913
2025-07-11,553.30000000,555.79000000,552.05000000,554.20000000,554.20000000,39618635
2025-07-14,553.99000000,556.94500000,551.63000000,556.21000000,556.21000000,36453314
2025-07-15,560.25000000,560.80000000,556.66000000,556.72000000,556.72000000,43277661
2025-07-16,557.28000000,560.21000000,551.56000000,557.29000000,557.29000000,52314711
2025-07-17,558.02000000,562.31000000,557.21000000,561.80000000,561.80000000,40423778
2025-07-18,563.12000000,564.72620000,559.98000000,561.26000000,561.26000000,50484704
2025-07-21,562.09000000,566.06000000,562.06000000,564.17000000,564.17000000,39595214
2025-07-22,564.30000000,564.35000000,558.61000000,561.25000000,561.25000000,43270647
2025-07-23,562.34000000,563.85000000,559.58000000,563.81000000,563.81000000,40215259
2025-07-24,565.13000000,566.24000000,563.29500000,565.01000000,565.01000000,42275541
2025-07-25,564.93000000,567.69500000,564.27000000,566.37000000,566.37000000,30630813
2025-07-28,567.74000000,569.04000000,566.87000000,568.14000000,568.14000000,31498739
2025-07-29,570.76000000,572.11000000,566.53000000,567.26000000,567.26000000,45463317
2025-07-30,568.18000000,570.62000000,565.05000000,568.02000000,568.02000000,43433777
2025-07-31,574.54000000,574.63000000,563.87000000,565.01000000,565.01000000,64613590
2025-08-01,558.83000000,559.02000000,551.68000000,553.88000000,553.88000000,69400789
2025-08-04,559.05000000,564.31500000,558.95000000,564.10000000,564.10000000,47669751
2025-08-05,565.39000000,566.56070000,559.73000000,560.27000000,560.27000000,48666640
2025-08-06,561.11000000,567.76000000,560.63000000,567.32000000,567.32000000,41823677
2025-08-07,571.67000000,573.32000000,565.11000000,569.24000000,569.24000000,44462972
2025-08-08,570.45000000,574.77000000,570.15000000,574.55000000,574.55000000,35255472
2025-08-11,574.69000000,576.80000000,571.57000000,572.85000000,572.85000000,33112917
2025-08-12,575.16000000,580.35000000,572.48500000,580.05000000,580.05000000,42271441
2025-08-13,582.76000000,583.31990000,578.94000000,580.34000000,580.34000000,41209294
2025-08-14,578.28000000,581.88000000,577.91000000,579.89000000,579.89000000,45425043
2025-08-15,579.80000000,579.84000000,575.57430000,577.34000000,577.34000000,49480161
2025-08-18,576.44000000,577.76500000,575.24120000,577.11000000,577.11000000,29830957
2025-08-19,576.39000000,576.56000000,568.25000000,569.28000000,569.28000000,53752635
2025-08-20,568.33000000,568.45000000,558.84000000,565.90000000,565.90000000,76781087
2025-08-21,564.35000000,566.49000000,560.98000000,563.28000000,563.28000000,46436899
2025-08-22,564.67000000,573.99000000,563.27000000,571.97000000,571.97000000,51502129
2025-08-25,570.40000000,573.28710000,569.16000000,570.32000000,570.32000000,34044749
2025-08-26,569.83000000,572.92000000,568.80000000,572.61000000,572.61000000,34103014
2025-08-27,571.59000000,574.40500000,570.37000000,573.49000000,573.49000000,36927144
2025-08-28,574.11000000,578.00000000,572.46000000,577.08000000,577.08000000,46787857
2025-08-29,574.65500000,575.03000000,568.54000000,570.40000000,570.40000000,56030409
2025-09-02,561.31000000,565.96500000,559.53500000,565.62000000,565.62000000,65876765
2025-09-03,569.23000000,571.69500000,566.72500000,570.07000000,570.07000000,54230213
2025-09-04,570.74000000,575.60000000,569.02500000,575.23000000,575.23000000,47526280
2025-09-05,580.49000000,581.12000000,571.53000000,576.06000000,576.06000000,68342532
2025-09-08,578.37000000,580.84000000,577.77000000,578.87000000,578.87000000,46371354
2025-09-09,579.67000000,580.94000000,577.04000000,580.51000000,580.51000000,44007592
2025-09-10,583.74000000,583.77000000,578.55000000,580.70000000,580.70000000,49307959
2025-09-11,583.24000000,584.88000000,581.62000000,584.08000000,584.08000000,44745766
2025-09-12,585.04000000,587.86000000,584.10000000,586.66000000,586.66000000,50745886
2025-09-15,588.44000000,591.79000000,588.29500000,591.68000000,591.68000000,44360315
2025-09-16,592.61000000,592.86000000,590.49000000,591.18000000,591.18000000,36942130
2025-09-17,591.10000000,591.75000000,584.36500000,590.00000000,590.00000000,69384820
2025-09-18,594.91000000,598.14000000,592.96000000,595.32000000,595.32000000,61069294
2025-09-19,597.33000000,600.05000000,595.85000000,599.35000000,599.35000000,58196109
2025-09-22,597.74000000,602.87000000,597.72000000,602.20000000,602.20000000,57154769
2025-09-23,602.37000000,602.57000000,596.98000000,598.20000000,598.20000000,64635486
2025-09-24,599.58000000,599.90000000,593.36000000,596.10000000,596.10000000,49850301
2025-09-25,592.20000000,595.11500000,588.50000000,593.53000000,593.53000000,70920209
2025-09-26,594.35000000,596.30000000,591.06000000,595.97000000,595.97000000,54337416
2025-09-29,599.11000000,602.05000000,597.41000000,598.73000000,598.73000000,48332934
2025-09-30,598.43000000,600.71000000,596.10000000,600.37000000,600.37000000,46533814
2025-10-01,597.17000000,603.79000000,596.34000000,603.25000000,603.25000000,46899612
2025-10-02,607.06000000,607.16000000,602.93000000,605.73000000,605.73000000,43765410
2025-10-03,606.51000000,607.32550000,601.38500000,603.18000000,603.18000000,46482098
2025-10-06,608.45000000,609.36000000,605.97000000,607.71000000,607.71000000,41962115
2025-10-07,609.02000000,609.71000000,603.03000000,604.51000000,604.51000000,58209463
2025-10-08,605.41000000,611.75000000,605.26000000,611.44000000,611.44000000,50629754
2025-10-09,611.48000000,611.61000000,607.48000000,610.70000000,610.70000000,45550958
2025-10-10,611.40000000,613.18000000,589.05000000,589.50000000,589.50000000,97614783
2025-10-13,599.68000000,602.95000000,597.23000000,602.01000000,602.01000000,65872584
2025-10-14,595.31000000,602.69000000,590.13000000,598.00000000,598.00000000,69203187
2025-10-15,604.01000000,606.70000000,595.93000000,602.22000000,602.22000000,62805456
2025-10-16,605.11000000,608.31000000,595.50000000,599.99000000,599.99000000,70981963
2025-10-17,597.95000000,605.51000000,596.37000000,603.93000000,603.93000000,72024872
2025-10-20,607.14000000,612.80000000,607.06500000,611.54000000,611.54000000,45761697
2025-10-21,611.64000000,612.72130000,609.32000000,611.38000000,611.38000000,44538161
2025-10-22,610.82000000,611.41000000,599.74000000,605.49000000,605.49000000,61478802
2025-10-23,604.91000000,611.37000000,604.52000000,610.58000000,610.58000000,42844298
2025-10-24,615.99000000,618.42000000,615.13000000,617.10000000,617.10000000,47632473
2025-10-27,624.52000000,628.55000000,624.03000000,628.09000000,628.09000000,54098611
2025-10-28,630.36000000,634.68000000,629.25000000,632.92000000,632.92000000,61195733
2025-10-29,635.59000000,637.01000000,630.25000000,635.77000000,635.77000000,67422806
2025-10-30,632.17000000,633.50000000,625.94000000,626.05000000,626.05000000,61628621
2025-10-31,634.17000000,634.20000000,626.69000000,629.07000000,629.07000000,66305147
2025-11-03,635.11000000,635.82000000,629.85000000,632.08000000,632.08000000,37154307
2025-11-04,623.28000000,626.95000000,618.45500000,619.25000000,619.25000000,63830768
2025-11-05,618.49000000,626.60000000,617.21000000,623.28000000,623.28000000,48688484
2025-11-06,621.79000000,622.04000000,610.30000000,611.67000000,611.67000000,72115128
2025-11-07,608.31000000,609.95000000,598.67000000,609.74000000,609.74000000,81835388
2025-11-10,618.92000000,624.31000000,616.89000000,623.23000000,623.23000000,55919931
2025-11-11,620.57000000,622.72000000,617.52000000,621.57000000,621.57000000,44868841
2025-11-12,624.84000000,624.86000000,617.81000000,621.08000000,621.08000000,47444384
2025-11-13,617.54000000,618.12000000,606.08000000,608.40000000,608.40000000,71333634
2025-11-14,599.55000000,613.35000000,597.17000000,608.86000000,608.86000000,80087291
2025-11-17,606.30000000,612.48000000,599.87000000,603.66000000,603.66000000,63850367
2025-11-18,599.62000000,602.31000000,591.34000000,596.31000000,596.31000000,83327279
2025-11-19,597.07000000,606.16000000,594.59000000,599.87000000,599.87000000,73111487
2025-11-20,611.62000000,614.03000000,584.75000000,585.67000000,585.67000000,117743195
2025-11-21,587.47000000,596.98000000,580.74000000,590.07000000,590.07000000,103344155
2025-11-24,595.28000000,606.68000000,595.16000000,605.16000000,605.16000000,60168149
2025-11-25,603.51000000,610.26010000,597.32000000,608.89000000,608.89000000,57560867
2025-11-26,612.51000000,616.19000000,610.39000000,614.27000000,614.27000000,42393598
2025-11-28,616.11000000,619.32000000,615.41740000,619.25000000,619.25000000,23034394
2025-12-01,613.63000000,619.44010000,612.52000000,617.17000000,617.17000000,40957588
2025-12-02,619.46000000,623.75000000,617.59000000,622.00000000,622.00000000,54541834
2025-12-03,619.62000000,624.22000000,618.03000000,623.52000000,623.52000000,47841627
2025-12-04,624.93000000,624.94000000,619.54000000,622.94000000,622.94000000,47067751
2025-12-05,624.38000000,628.92000000,623.71000000,625.48000000,625.48000000,53614169
2025-12-08,627.21000000,628.84000000,621.69000000,624.28000000,624.28000000,43462406
2025-12-09,623.01000000,625.87000000,621.00000000,625.05000000,625.05000000,37155999
2025-12-10,623.85000000,629.21000000,620.99000000,627.61000000,627.61000000,55031384
2025-12-11,623.82000000,625.78000000,617.72000000,625.58000000,625.58000000,58272844
2025-12-12,622.08000000,623.54000000,611.36000000,613.62000000,613.62000000,75158726
2025-12-15,618.37000000,618.42000000,609.32000000,610.54000000,610.54000000,49538197
2025-12-16,608.26000000,613.51000000,606.91010000,611.75000000,611.75000000,55152819
2025-12-17,613.06000000,613.65000000,600.28000000,600.41000000,600.41000000,70654327
2025-12-18,609.80000000,612.93000000,606.92000000,609.11000000,609.11000000,78875824
2025-12-19,611.95000000,617.62000000,611.87000000,617.05000000,617.05000000,60369829
2025-12-22,621.35000000,621.65000000,617.77000000,619.21000000,619.21000000,43703101
2025-12-23,618.20000000,622.41000000,617.78000000,622.11000000,622.11000000,41120445
2025-12-24,621.99000000,624.28000000,621.72000000,623.93000000,623.93000000,18468707
2025-12-26,624.66000000,625.51500000,623.14000000,623.89000000,623.89000000,28959778
2025-12-29,620.10000000,622.78000000,618.73000000,620.87000000,620.87000000,32458308
2025-12-30,619.84000000,622.18000000,619.21500000,619.43000000,619.43000000,31226754
2025-12-31,619.65000000,619.96000000,614.05000000,614.31000000,614.31000000,40746527
2026-01-02,620.06000000,622.85000000,610.15000000,613.12000000,613.12000000,61859163
2026-01-05,619.32000000,620.81000000,616.72000000,617.99000000,617.99000000,46828359
2026-01-06,619.23000000,624.02130000,618.54000000,623.42000000,623.42000000,43137520
2026-01-07,623.04000000,627.94000000,622.56000000,624.02000000,624.02000000,44880339
2026-01-08,623.03000000,623.42000000,617.80000000,620.47000000,620.47000000,50435941
2026-01-09,621.41000000,627.89000000,619.06000000,626.65000000,626.65000000,49688734
2026-01-12,622.31000000,628.84500000,622.26000000,627.17000000,627.17000000,37388651
2026-01-13,627.27000000,629.47000000,623.69500000,626.24000000,626.24000000,44481380
2026-01-14,622.24000000,623.45000000,614.56000000,619.55000000,619.55000000,72598700
2026-01-15,626.60000000,630.00000000,620.75000000,621.78000000,621.78000000,53934892
2026-01-16,625.50000000,626.08000000,618.88000000,621.26000000,621.26000000,61058094
2026-01-20,610.53000000,615.05500000,607.05000000,608.06000000,608.06000000,81988898
2026-01-21,609.47000000,620.42000000,607.86350000,616.28000000,616.28000000,79837881
2026-01-22,622.35000000,622.46000000,617.78000000,620.76000000,620.76000000,42254757
2026-01-23,619.73000000,625.39990000,618.65000000,622.72000000,622.72000000,43645825
2026-01-26,623.21000000,627.61000000,622.12000000,625.46000000,625.46000000,35983008
2026-01-27,628.91000000,632.04270000,627.34000000,631.13000000,631.13000000,38997212
2026-01-28,635.46000000,636.60000000,631.81000000,633.22000000,633.22000000,50691691
2026-01-29,632.65000000,633.67000000,618.27000000,629.43000000,629.43000000,79944047
2026-01-30,625.71000000,628.25600000,619.29750000,621.87000000,621.87000000,65650714
2026-02-02,618.70000000,628.49000000,618.66000000,626.14000000,626.14000000,49020292
2026-02-03,628.30000000,629.98000000,610.96000000,616.52000000,616.52000000,81233969
2026-02-04,615.02000000,615.10000000,600.47000000,605.75000000,605.75000000,81850748
2026-02-05,600.21000000,604.81000000,594.76000000,597.03000000,597.03000000,89354492
2026-02-06,600.19000000,611.41000000,598.77000000,609.65000000,609.65000000,78019338
2026-02-09,607.54000000,616.46000000,605.07000000,614.32000000,614.32000000,56797557
2026-02-10,615.30500000,617.02000000,611.01000000,611.47000000,611.47000000,53938859
2026-02-11,616.38000000,617.52000000,607.69000000,613.11000000,613.11000000,58575101
2026-02-12,614.71000000,615.81000000,599.56990000,600.64000000,600.64000000,81378903
2026-02-13,600.43000000,606.48000000,596.42000000,601.92000000,601.92000000,69237547
2026-02-17,598.37500000,603.95000000,593.34000000,601.30000000,601.30000000,69013763
2026-02-18,602.11000000,609.77100000,600.72000000,605.79000000,605.79000000,64250668
2026-02-19,602.81000000,605.81500000,600.75000000,603.47000000,603.47000000,60960839
2026-02-20,600.12000000,610.35000000,599.23000000,608.81000000,608.81000000,74127323
2026-02-23,606.60500000,608.01000000,599.05000000,601.41000000,601.41000000,63859111
2026-02-24,602.40000000,608.99000000,599.73000000,607.87000000,607.87000000,55023732
2026-02-25,611.07000000,616.83000000,611.00000000,616.68000000,616.68000000,56233059
